   1.3894432743620828E-011   0.0000000000000000     
   2.7788865487241656E-011   0.0000000000000000     
   4.1683298230862486E-011   0.0000000000000000     
   5.5577730974483312E-011   0.0000000000000000     
   6.9472163718104139E-011   0.0000000000000000     
   8.3366596461724972E-011   0.0000000000000000     
   9.7261029205345805E-011   0.0000000000000000     
   1.1115546194896664E-010   0.0000000000000000     
   1.2504989469258747E-010   0.0000000000000000     
   1.3894432743620830E-010   0.0000000000000000     
   1.5283876017982914E-010   0.0000000000000000     
   1.6673319292344997E-010   0.0000000000000000     
   1.8062762566707080E-010   0.0000000000000000     
   1.9452205841069164E-010   0.0000000000000000     
   2.0841649115431247E-010   0.0000000000000000     
   2.2231092389793330E-010   0.0000000000000000     
   2.3620535664155413E-010   0.0000000000000000     
   2.5009978938517494E-010   0.0000000000000000     
   2.6399422212879575E-010   0.0000000000000000     
   2.7788865487241656E-010   0.0000000000000000     
   2.9178308761603736E-010   0.0000000000000000     
   3.0567752035965817E-010   0.0000000000000000     
   3.1957195310327898E-010   0.0000000000000000     
   3.3346638584689978E-010   0.0000000000000000     
   3.4736081859052059E-010   0.0000000000000000     
   3.6125525133414140E-010   0.0000000000000000     
   3.7514968407776221E-010   0.0000000000000000     
   3.8904411682138301E-010   0.0000000000000000     
   4.0293854956500382E-010   0.0000000000000000     
   4.1683298230862463E-010   0.0000000000000000     
   4.3072741505224543E-010   0.0000000000000000     
   4.4462184779586624E-010   0.0000000000000000     
   4.5851628053948705E-010   0.0000000000000000     
   4.7241071328310786E-010   0.0000000000000000     
   4.8630514602672866E-010   0.0000000000000000     
   5.0019957877034947E-010   0.0000000000000000     
   5.1409401151397028E-010   0.0000000000000000     
   5.2798844425759108E-010   0.0000000000000000     
   5.4188287700121189E-010   0.0000000000000000     
   5.5577730974483270E-010   0.0000000000000000     
   5.6967174248845351E-010   0.0000000000000000     
   5.8356617523207431E-010   0.0000000000000000     
   5.9746060797569512E-010   0.0000000000000000     
   6.1135504071931593E-010   0.0000000000000000     
   6.2524947346293673E-010   0.0000000000000000     
   6.3914390620655754E-010   0.0000000000000000     
   6.5303833895017835E-010   0.0000000000000000     
   6.6693277169379916E-010   0.0000000000000000     
   6.8082720443741996E-010   0.0000000000000000     
   6.9472163718104077E-010   0.0000000000000000     
   7.0861606992466158E-010   0.0000000000000000     
   7.2251050266828238E-010   0.0000000000000000     
   7.3640493541190319E-010   0.0000000000000000     
   7.5029936815552400E-010   0.0000000000000000     
   7.6419380089914481E-010   0.0000000000000000     
   7.7808823364276561E-010   0.0000000000000000     
   7.9198266638638642E-010   0.0000000000000000     
   8.0587709913000723E-010   0.0000000000000000     
   8.1977153187362803E-010   0.0000000000000000     
   8.3366596461724884E-010   0.0000000000000000     
   8.4756039736086965E-010   0.0000000000000000     
   8.6145483010449045E-010   0.0000000000000000     
   8.7534926284811126E-010   0.0000000000000000     
   8.8924369559173207E-010   0.0000000000000000     
   9.0313812833535288E-010   0.0000000000000000     
   9.1703256107897368E-010   0.0000000000000000     
   9.3092699382259449E-010   0.0000000000000000     
   9.4482142656621530E-010   0.0000000000000000     
   9.5871585930983621E-010   0.0000000000000000     
   9.7261029205345712E-010   0.0000000000000000     
   9.8650472479707803E-010   0.0000000000000000     
   1.0003991575406989E-009   0.0000000000000000     
   1.0142935902843199E-009   0.0000000000000000     
   1.0281880230279408E-009   0.0000000000000000     
   1.0420824557715617E-009   0.0000000000000000     
   1.0559768885151826E-009   0.0000000000000000     
   1.0698713212588035E-009   0.0000000000000000     
   1.0837657540024244E-009   0.0000000000000000     
   1.0976601867460453E-009   0.0000000000000000     
   1.1115546194896662E-009   0.0000000000000000     
   1.1254490522332871E-009   0.0000000000000000     
   1.1393434849769080E-009   0.0000000000000000     
   1.1532379177205290E-009   0.0000000000000000     
   1.1671323504641499E-009   0.0000000000000000     
   1.1810267832077708E-009   0.0000000000000000     
   1.1949212159513917E-009   0.0000000000000000     
   1.2088156486950126E-009   0.0000000000000000     
   1.2227100814386335E-009   0.0000000000000000     
   1.2366045141822544E-009   0.0000000000000000     
   1.2504989469258753E-009   0.0000000000000000     
   1.2643933796694962E-009   0.0000000000000000     
   1.2782878124131171E-009   0.0000000000000000     
   1.2921822451567381E-009   0.0000000000000000     
   1.3060766779003590E-009   0.0000000000000000     
   1.3199711106439799E-009   0.0000000000000000     
   1.3338655433876008E-009   0.0000000000000000     
   1.3477599761312217E-009   0.0000000000000000     
   1.3616544088748426E-009   0.0000000000000000     
   1.3755488416184635E-009   0.0000000000000000     
   1.3894432743620844E-009   0.0000000000000000     
   1.4033377071057053E-009   0.0000000000000000     
   1.4172321398493263E-009   0.0000000000000000     
   1.4311265725929472E-009   0.0000000000000000     
   1.4450210053365681E-009   0.0000000000000000     
   1.4589154380801890E-009   0.0000000000000000     
   1.4728098708238099E-009   0.0000000000000000     
   1.4867043035674308E-009   0.0000000000000000     
   1.5005987363110517E-009   0.0000000000000000     
   1.5144931690546726E-009   0.0000000000000000     
   1.5283876017982935E-009   0.0000000000000000     
   1.5422820345419144E-009   0.0000000000000000     
   1.5561764672855354E-009   0.0000000000000000     
   1.5700709000291563E-009   0.0000000000000000     
   1.5839653327727772E-009   0.0000000000000000     
   1.5978597655163981E-009   0.0000000000000000     
   1.6117541982600190E-009   0.0000000000000000     
   1.6256486310036399E-009   0.0000000000000000     
   1.6395430637472608E-009   0.0000000000000000     
   1.6534374964908817E-009   0.0000000000000000     
   1.6673319292345026E-009   0.0000000000000000     
   1.6812263619781236E-009   0.0000000000000000     
   1.6951207947217445E-009   0.0000000000000000     
   1.7090152274653654E-009   0.0000000000000000     
   1.7229096602089863E-009   0.0000000000000000     
   1.7368040929526072E-009   0.0000000000000000     
   1.7506985256962281E-009   0.0000000000000000     
   1.7645929584398490E-009   0.0000000000000000     
   1.7784873911834699E-009   0.0000000000000000     
   1.7923818239270908E-009   0.0000000000000000     
   1.8062762566707117E-009   0.0000000000000000     
   1.8201706894143327E-009   0.0000000000000000     
   1.8340651221579536E-009   0.0000000000000000     
   1.8479595549015745E-009   0.0000000000000000     
   1.8618539876451954E-009   0.0000000000000000     
   1.8757484203888161E-009   0.0000000000000000     
   1.8896428531324368E-009   0.0000000000000000     
   1.9035372858760575E-009   0.0000000000000000     
   1.9174317186196782E-009   0.0000000000000000     
   1.9313261513632989E-009   0.0000000000000000     
   1.9452205841069196E-009   0.0000000000000000     
   1.9591150168505403E-009   0.0000000000000000     
   1.9730094495941610E-009   0.0000000000000000     
   1.9869038823377817E-009   0.0000000000000000     
   2.0007983150814024E-009   0.0000000000000000     
   2.0146927478250231E-009   0.0000000000000000     
   2.0285871805686438E-009   0.0000000000000000     
   2.0424816133122645E-009   0.0000000000000000     
   2.0563760460558852E-009   0.0000000000000000     
   2.0702704787995059E-009   0.0000000000000000     
   2.0841649115431267E-009   0.0000000000000000     
   2.0980593442867474E-009   0.0000000000000000     
   2.1119537770303681E-009   0.0000000000000000     
   2.1258482097739888E-009   0.0000000000000000     
   2.1397426425176095E-009   0.0000000000000000     
   2.1536370752612302E-009   0.0000000000000000     
   2.1675315080048509E-009   0.0000000000000000     
   2.1814259407484716E-009   0.0000000000000000     
   2.1953203734920923E-009   0.0000000000000000     
   2.2092148062357130E-009   0.0000000000000000     
   2.2231092389793337E-009   0.0000000000000000     
   2.2370036717229544E-009   0.0000000000000000     
   2.2508981044665751E-009   0.0000000000000000     
   2.2647925372101958E-009   0.0000000000000000     
   2.2786869699538165E-009   0.0000000000000000     
   2.2925814026974372E-009   0.0000000000000000     
   2.3064758354410579E-009   0.0000000000000000     
   2.3203702681846786E-009   0.0000000000000000     
   2.3342647009282993E-009   0.0000000000000000     
   2.3481591336719200E-009   0.0000000000000000     
   2.3620535664155407E-009   0.0000000000000000     
   2.3759479991591614E-009   0.0000000000000000     
   2.3898424319027821E-009   0.0000000000000000     
   2.4037368646464028E-009   0.0000000000000000     
   2.4176312973900235E-009   0.0000000000000000     
   2.4315257301336442E-009   0.0000000000000000     
   2.4454201628772649E-009   0.0000000000000000     
   2.4593145956208857E-009   0.0000000000000000     
   2.4732090283645064E-009   0.0000000000000000     
   2.4871034611081271E-009   0.0000000000000000     
   2.5009978938517478E-009   0.0000000000000000     
   2.5148923265953685E-009   0.0000000000000000     
   2.5287867593389892E-009   0.0000000000000000     
   2.5426811920826099E-009   0.0000000000000000     
   2.5565756248262306E-009   0.0000000000000000     
   2.5704700575698513E-009   0.0000000000000000     
   2.5843644903134720E-009   0.0000000000000000     
   2.5982589230570927E-009   0.0000000000000000     
   2.6121533558007134E-009   0.0000000000000000     
   2.6260477885443341E-009   0.0000000000000000     
   2.6399422212879548E-009   0.0000000000000000     
   2.6538366540315755E-009   0.0000000000000000     
   2.6677310867751962E-009   0.0000000000000000     
   2.6816255195188169E-009   0.0000000000000000     
   2.6955199522624376E-009   0.0000000000000000     
   2.7094143850060583E-009   0.0000000000000000     
   2.7233088177496790E-009   0.0000000000000000     
   2.7372032504932997E-009   0.0000000000000000     
   2.7510976832369204E-009   0.0000000000000000     
   2.7649921159805411E-009   0.0000000000000000     
   2.7788865487241618E-009   0.0000000000000000     
   2.7927809814677825E-009   0.0000000000000000     
   2.8066754142114032E-009   0.0000000000000000     
   2.8205698469550239E-009   0.0000000000000000     
   2.8344642796986447E-009   0.0000000000000000     
   2.8483587124422654E-009   0.0000000000000000     
   2.8622531451858861E-009   0.0000000000000000     
   2.8761475779295068E-009   0.0000000000000000     
   2.8900420106731275E-009   0.0000000000000000     
   2.9039364434167482E-009   0.0000000000000000     
   2.9178308761603689E-009   0.0000000000000000     
   2.9317253089039896E-009   0.0000000000000000     
   2.9456197416476103E-009   0.0000000000000000     
   2.9595141743912310E-009   0.0000000000000000     
   2.9734086071348517E-009   0.0000000000000000     
   2.9873030398784724E-009   0.0000000000000000     
   3.0011974726220931E-009   0.0000000000000000     
   3.0150919053657138E-009   0.0000000000000000     
   3.0289863381093345E-009   0.0000000000000000     
   3.0428807708529552E-009   0.0000000000000000     
   3.0567752035965759E-009   0.0000000000000000     
   3.0706696363401966E-009   0.0000000000000000     
   3.0845640690838173E-009   0.0000000000000000     
   3.0984585018274380E-009   0.0000000000000000     
   3.1123529345710587E-009   0.0000000000000000     
   3.1262473673146794E-009   0.0000000000000000     
   3.1401418000583001E-009   0.0000000000000000     
   3.1540362328019208E-009   0.0000000000000000     
   3.1679306655455415E-009   0.0000000000000000     
   3.1818250982891622E-009   0.0000000000000000     
   3.1957195310327829E-009   0.0000000000000000     
   3.2096139637764037E-009   0.0000000000000000     
   3.2235083965200244E-009   0.0000000000000000     
   3.2374028292636451E-009   0.0000000000000000     
   3.2512972620072658E-009   0.0000000000000000     
   3.2651916947508865E-009   0.0000000000000000     
   3.2790861274945072E-009   0.0000000000000000     
   3.2929805602381279E-009   0.0000000000000000     
   3.3068749929817486E-009   0.0000000000000000     
   3.3207694257253693E-009   0.0000000000000000     
   3.3346638584689900E-009   0.0000000000000000     
   3.3485582912126107E-009   90692.000000000000     
   3.3624527239562314E-009   191.00000000000000     
   3.3763471566998521E-009   159.00000000000000     
   3.3902415894434728E-009   148.00000000000000     
   3.4041360221870935E-009   135.00000000000000     
   3.4180304549307142E-009   115.00000000000000     
   3.4319248876743349E-009   136.00000000000000     
   3.4458193204179556E-009   119.00000000000000     
   3.4597137531615763E-009   134.00000000000000     
   3.4736081859051970E-009   98.000000000000000     
   3.4875026186488177E-009   132.00000000000000     
   3.5013970513924384E-009   112.00000000000000     
   3.5152914841360591E-009   104.00000000000000     
   3.5291859168796798E-009   99.000000000000000     
   3.5430803496233005E-009   88.000000000000000     
   3.5569747823669212E-009   104.00000000000000     
   3.5708692151105419E-009   105.00000000000000     
   3.5847636478541627E-009   92.000000000000000     
   3.5986580805977834E-009   70.000000000000000     
   3.6125525133414041E-009   91.000000000000000     
   3.6264469460850248E-009   79.000000000000000     
   3.6403413788286455E-009   76.000000000000000     
   3.6542358115722662E-009   94.000000000000000     
   3.6681302443158869E-009   78.000000000000000     
   3.6820246770595076E-009   61.000000000000000     
   3.6959191098031283E-009   74.000000000000000     
   3.7098135425467490E-009   65.000000000000000     
   3.7237079752903697E-009   81.000000000000000     
   3.7376024080339908E-009   81.000000000000000     
   3.7514968407776115E-009   66.000000000000000     
   3.7653912735212322E-009   65.000000000000000     
   3.7792857062648529E-009   74.000000000000000     
   3.7931801390084736E-009   69.000000000000000     
   3.8070745717520943E-009   63.000000000000000     
   3.8209690044957150E-009   59.000000000000000     
   3.8348634372393357E-009   60.000000000000000     
   3.8487578699829564E-009   69.000000000000000     
   3.8626523027265771E-009   65.000000000000000     
   3.8765467354701978E-009   48.000000000000000     
   3.8904411682138185E-009   62.000000000000000     
   3.9043356009574393E-009   51.000000000000000     
   3.9182300337010600E-009   51.000000000000000     
   3.9321244664446807E-009   67.000000000000000     
   3.9460188991883014E-009   65.000000000000000     
   3.9599133319319221E-009   52.000000000000000     
   3.9738077646755428E-009   55.000000000000000     
   3.9877021974191635E-009   49.000000000000000     
   4.0015966301627842E-009   50.000000000000000     
   4.0154910629064049E-009   42.000000000000000     
   4.0293854956500256E-009   46.000000000000000     
   4.0432799283936463E-009   51.000000000000000     
   4.0571743611372670E-009   49.000000000000000     
   4.0710687938808877E-009   61.000000000000000     
   4.0849632266245084E-009   49.000000000000000     
   4.0988576593681291E-009   61.000000000000000     
   4.1127520921117498E-009   44.000000000000000     
   4.1266465248553705E-009   59.000000000000000     
   4.1405409575989912E-009   34.000000000000000     
   4.1544353903426119E-009   54.000000000000000     
   4.1683298230862326E-009   49.000000000000000     
   4.1822242558298533E-009   50.000000000000000     
   4.1961186885734740E-009   48.000000000000000     
   4.2100131213170947E-009   41.000000000000000     
   4.2239075540607154E-009   38.000000000000000     
   4.2378019868043361E-009   32.000000000000000     
   4.2516964195479568E-009   42.000000000000000     
   4.2655908522915775E-009   42.000000000000000     
   4.2794852850351983E-009   46.000000000000000     
   4.2933797177788190E-009   45.000000000000000     
   4.3072741505224397E-009   43.000000000000000     
   4.3211685832660604E-009   36.000000000000000     
   4.3350630160096811E-009   47.000000000000000     
   4.3489574487533018E-009   36.000000000000000     
   4.3628518814969225E-009   33.000000000000000     
   4.3767463142405432E-009   34.000000000000000     
   4.3906407469841639E-009   32.000000000000000     
   4.4045351797277846E-009   38.000000000000000     
   4.4184296124714053E-009   28.000000000000000     
   4.4323240452150260E-009   29.000000000000000     
   4.4462184779586467E-009   30.000000000000000     
   4.4601129107022674E-009   35.000000000000000     
   4.4740073434458881E-009   42.000000000000000     
   4.4879017761895088E-009   34.000000000000000     
   4.5017962089331295E-009   41.000000000000000     
   4.5156906416767502E-009   40.000000000000000     
   4.5295850744203709E-009   26.000000000000000     
   4.5434795071639916E-009   32.000000000000000     
   4.5573739399076123E-009   32.000000000000000     
   4.5712683726512330E-009   30.000000000000000     
   4.5851628053948537E-009   27.000000000000000     
   4.5990572381384744E-009   32.000000000000000     
   4.6129516708820951E-009   44.000000000000000     
   4.6268461036257158E-009   33.000000000000000     
   4.6407405363693365E-009   34.000000000000000     
   4.6546349691129573E-009   36.000000000000000     
   4.6685294018565780E-009   37.000000000000000     
   4.6824238346001987E-009   26.000000000000000     
   4.6963182673438194E-009   31.000000000000000     
   4.7102127000874401E-009   29.000000000000000     
   4.7241071328310608E-009   24.000000000000000     
   4.7380015655746815E-009   29.000000000000000     
   4.7518959983183022E-009   20.000000000000000     
   4.7657904310619229E-009   23.000000000000000     
   4.7796848638055436E-009   21.000000000000000     
   4.7935792965491643E-009   26.000000000000000     
   4.8074737292927850E-009   29.000000000000000     
   4.8213681620364057E-009   24.000000000000000     
   4.8352625947800264E-009   17.000000000000000     
   4.8491570275236471E-009   29.000000000000000     
   4.8630514602672678E-009   29.000000000000000     
   4.8769458930108885E-009   31.000000000000000     
   4.8908403257545092E-009   28.000000000000000     
   4.9047347584981299E-009   20.000000000000000     
   4.9186291912417506E-009   20.000000000000000     
   4.9325236239853713E-009   24.000000000000000     
   4.9464180567289920E-009   25.000000000000000     
   4.9603124894726127E-009   22.000000000000000     
   4.9742069222162334E-009   17.000000000000000     
   4.9881013549598541E-009   23.000000000000000     
   5.0019957877034748E-009   31.000000000000000     
   5.0158902204470955E-009   14.000000000000000     
   5.0297846531907163E-009   27.000000000000000     
   5.0436790859343370E-009   31.000000000000000     
   5.0575735186779577E-009   18.000000000000000     
   5.0714679514215784E-009   25.000000000000000     
   5.0853623841651991E-009   19.000000000000000     
   5.0992568169088198E-009   21.000000000000000     
   5.1131512496524405E-009   26.000000000000000     
   5.1270456823960612E-009   22.000000000000000     
   5.1409401151396819E-009   21.000000000000000     
   5.1548345478833026E-009   24.000000000000000     
   5.1687289806269233E-009   22.000000000000000     
   5.1826234133705440E-009   25.000000000000000     
   5.1965178461141647E-009   16.000000000000000     
   5.2104122788577854E-009   12.000000000000000     
   5.2243067116014061E-009   15.000000000000000     
   5.2382011443450268E-009   23.000000000000000     
   5.2520955770886475E-009   26.000000000000000     
   5.2659900098322682E-009   29.000000000000000     
   5.2798844425758889E-009   18.000000000000000     
   5.2937788753195096E-009   17.000000000000000     
   5.3076733080631303E-009   23.000000000000000     
   5.3215677408067510E-009   18.000000000000000     
   5.3354621735503717E-009   14.000000000000000     
   5.3493566062939924E-009   13.000000000000000     
   5.3632510390376131E-009   14.000000000000000     
   5.3771454717812338E-009   21.000000000000000     
   5.3910399045248545E-009   15.000000000000000     
   5.4049343372684753E-009   15.000000000000000     
   5.4188287700120960E-009   10.000000000000000     
   5.4327232027557167E-009   10.000000000000000     
   5.4466176354993374E-009   8.0000000000000000     
   5.4605120682429581E-009   17.000000000000000     
   5.4744065009865788E-009   24.000000000000000     
   5.4883009337301995E-009   14.000000000000000     
   5.5021953664738202E-009   17.000000000000000     
   5.5160897992174409E-009   14.000000000000000     
   5.5299842319610616E-009   19.000000000000000     
   5.5438786647046823E-009   9.0000000000000000     
   5.5577730974483030E-009   14.000000000000000     
   5.5716675301919237E-009   14.000000000000000     
   5.5855619629355444E-009   14.000000000000000     
   5.5994563956791651E-009   19.000000000000000     
   5.6133508284227858E-009   17.000000000000000     
   5.6272452611664065E-009   14.000000000000000     
   5.6411396939100272E-009   11.000000000000000     
   5.6550341266536479E-009   14.000000000000000     
   5.6689285593972686E-009   13.000000000000000     
   5.6828229921408893E-009   19.000000000000000     
   5.6967174248845100E-009   25.000000000000000     
   5.7106118576281307E-009   18.000000000000000     
   5.7245062903717514E-009   20.000000000000000     
   5.7384007231153721E-009   22.000000000000000     
   5.7522951558589928E-009   16.000000000000000     
   5.7661895886026136E-009   12.000000000000000     
   5.7800840213462343E-009   15.000000000000000     
   5.7939784540898550E-009   15.000000000000000     
   5.8078728868334757E-009   16.000000000000000     
   5.8217673195770964E-009   13.000000000000000     
   5.8356617523207171E-009   13.000000000000000     
   5.8495561850643378E-009   10.000000000000000     
   5.8634506178079585E-009   20.000000000000000     
   5.8773450505515792E-009   15.000000000000000     
   5.8912394832951999E-009   9.0000000000000000     
   5.9051339160388206E-009   16.000000000000000     
   5.9190283487824413E-009   11.000000000000000     
   5.9329227815260620E-009   18.000000000000000     
   5.9468172142696827E-009   13.000000000000000     
   5.9607116470133034E-009   8.0000000000000000     
   5.9746060797569241E-009   10.000000000000000     
   5.9885005125005448E-009   16.000000000000000     
   6.0023949452441655E-009   18.000000000000000     
   6.0162893779877862E-009   11.000000000000000     
   6.0301838107314069E-009   8.0000000000000000     
   6.0440782434750276E-009   11.000000000000000     
   6.0579726762186483E-009   18.000000000000000     
   6.0718671089622690E-009   12.000000000000000     
   6.0857615417058897E-009   18.000000000000000     
   6.0996559744495104E-009   9.0000000000000000     
   6.1135504071931311E-009   20.000000000000000     
   6.1274448399367518E-009   12.000000000000000     
   6.1413392726803726E-009   11.000000000000000     
   6.1552337054239933E-009   16.000000000000000     
   6.1691281381676140E-009   11.000000000000000     
   6.1830225709112347E-009   10.000000000000000     
   6.1969170036548554E-009   12.000000000000000     
   6.2108114363984761E-009   16.000000000000000     
   6.2247058691420968E-009   10.000000000000000     
   6.2386003018857175E-009   14.000000000000000     
   6.2524947346293382E-009   12.000000000000000     
   6.2663891673729589E-009   11.000000000000000     
   6.2802836001165796E-009   17.000000000000000     
   6.2941780328602003E-009   14.000000000000000     
   6.3080724656038210E-009   10.000000000000000     
   6.3219668983474417E-009   14.000000000000000     
   6.3358613310910624E-009   15.000000000000000     
   6.3497557638346831E-009   19.000000000000000     
   6.3636501965783038E-009   11.000000000000000     
   6.3775446293219245E-009   9.0000000000000000     
   6.3914390620655452E-009   11.000000000000000     
   6.4053334948091659E-009   9.0000000000000000     
   6.4192279275527866E-009   7.0000000000000000     
   6.4331223602964073E-009   10.000000000000000     
   6.4470167930400280E-009   7.0000000000000000     
   6.4609112257836487E-009   12.000000000000000     
   6.4748056585272694E-009   9.0000000000000000     
   6.4887000912708901E-009   8.0000000000000000     
   6.5025945240145108E-009   17.000000000000000     
   6.5164889567581316E-009   16.000000000000000     
   6.5303833895017523E-009   8.0000000000000000     
   6.5442778222453730E-009   7.0000000000000000     
   6.5581722549889937E-009   14.000000000000000     
   6.5720666877326144E-009   12.000000000000000     
   6.5859611204762351E-009   7.0000000000000000     
   6.5998555532198558E-009   8.0000000000000000     
   6.6137499859634765E-009   10.000000000000000     
   6.6276444187070972E-009   9.0000000000000000     
   6.6415388514507179E-009   9.0000000000000000     
   6.6554332841943386E-009   8.0000000000000000     
   6.6693277169379593E-009   11.000000000000000     
   6.6832221496815800E-009   11.000000000000000     
   6.6971165824252007E-009   9.0000000000000000     
   6.7110110151688214E-009   8.0000000000000000     
   6.7249054479124421E-009   3.0000000000000000     
   6.7387998806560628E-009   11.000000000000000     
   6.7526943133996835E-009   10.000000000000000     
   6.7665887461433042E-009   9.0000000000000000     
   6.7804831788869249E-009   6.0000000000000000     
   6.7943776116305456E-009   5.0000000000000000     
   6.8082720443741663E-009   7.0000000000000000     
   6.8221664771177870E-009   12.000000000000000     
   6.8360609098614077E-009   6.0000000000000000     
   6.8499553426050284E-009   5.0000000000000000     
   6.8638497753486491E-009   4.0000000000000000     
   6.8777442080922698E-009   9.0000000000000000     
   6.8916386408358906E-009   10.000000000000000     
   6.9055330735795113E-009   4.0000000000000000     
   6.9194275063231320E-009   9.0000000000000000     
   6.9333219390667527E-009   10.000000000000000     
   6.9472163718103734E-009   8.0000000000000000     
   6.9611108045539941E-009   6.0000000000000000     
   6.9750052372976148E-009   7.0000000000000000     
   6.9888996700412355E-009   10.000000000000000     
   7.0027941027848562E-009   7.0000000000000000     
   7.0166885355284769E-009   10.000000000000000     
   7.0305829682720976E-009   6.0000000000000000     
   7.0444774010157183E-009   11.000000000000000     
   7.0583718337593390E-009   11.000000000000000     
   7.0722662665029597E-009   7.0000000000000000     
   7.0861606992465804E-009   4.0000000000000000     
   7.1000551319902011E-009   12.000000000000000     
   7.1139495647338218E-009   5.0000000000000000     
   7.1278439974774425E-009   7.0000000000000000     
   7.1417384302210632E-009   3.0000000000000000     
   7.1556328629646839E-009   6.0000000000000000     
   7.1695272957083046E-009   7.0000000000000000     
   7.1834217284519253E-009   3.0000000000000000     
   7.1973161611955460E-009   6.0000000000000000     
   7.2112105939391667E-009   6.0000000000000000     
   7.2251050266827874E-009   15.000000000000000     
   7.2389994594264081E-009   6.0000000000000000     
   7.2528938921700288E-009   8.0000000000000000     
   7.2667883249136496E-009   10.000000000000000     
   7.2806827576572703E-009   13.000000000000000     
   7.2945771904008910E-009   5.0000000000000000     
   7.3084716231445117E-009   6.0000000000000000     
   7.3223660558881324E-009   9.0000000000000000     
   7.3362604886317531E-009   6.0000000000000000     
   7.3501549213753738E-009   7.0000000000000000     
   7.3640493541189945E-009   3.0000000000000000     
   7.3779437868626152E-009   5.0000000000000000     
   7.3918382196062359E-009   7.0000000000000000     
   7.4057326523498566E-009   5.0000000000000000     
   7.4196270850934773E-009   3.0000000000000000     
   7.4335215178370980E-009   6.0000000000000000     
   7.4474159505807187E-009   5.0000000000000000     
   7.4613103833243394E-009   7.0000000000000000     
   7.4752048160679601E-009   10.000000000000000     
   7.4890992488115808E-009   6.0000000000000000     
   7.5029936815552015E-009   8.0000000000000000     
   7.5168881142988222E-009   4.0000000000000000     
   7.5307825470424429E-009   6.0000000000000000     
   7.5446769797860636E-009   7.0000000000000000     
   7.5585714125296843E-009   4.0000000000000000     
   7.5724658452733050E-009   8.0000000000000000     
   7.5863602780169257E-009   5.0000000000000000     
   7.6002547107605464E-009   3.0000000000000000     
   7.6141491435041671E-009   8.0000000000000000     
   7.6280435762477878E-009   2.0000000000000000     
   7.6419380089914086E-009   4.0000000000000000     
   7.6558324417350293E-009   4.0000000000000000     
   7.6697268744786500E-009   3.0000000000000000     
   7.6836213072222707E-009   3.0000000000000000     
   7.6975157399658914E-009   6.0000000000000000     
   7.7114101727095121E-009   6.0000000000000000     
   7.7253046054531328E-009   6.0000000000000000     
   7.7391990381967535E-009   5.0000000000000000     
   7.7530934709403742E-009   6.0000000000000000     
   7.7669879036839949E-009   4.0000000000000000     
   7.7808823364276156E-009   2.0000000000000000     
   7.7947767691712363E-009   5.0000000000000000     
   7.8086712019148570E-009   7.0000000000000000     
   7.8225656346584777E-009   5.0000000000000000     
   7.8364600674020984E-009   6.0000000000000000     
   7.8503545001457191E-009   3.0000000000000000     
   7.8642489328893398E-009   4.0000000000000000     
   7.8781433656329605E-009   2.0000000000000000     
   7.8920377983765812E-009   4.0000000000000000     
   7.9059322311202019E-009   6.0000000000000000     
   7.9198266638638226E-009   3.0000000000000000     
   7.9337210966074433E-009   2.0000000000000000     
   7.9476155293510640E-009   7.0000000000000000     
   7.9615099620946847E-009   3.0000000000000000     
   7.9754043948383054E-009   4.0000000000000000     
   7.9892988275819261E-009   5.0000000000000000     
   8.0031932603255468E-009   4.0000000000000000     
   8.0170876930691676E-009   6.0000000000000000     
   8.0309821258127883E-009   7.0000000000000000     
   8.0448765585564090E-009   3.0000000000000000     
   8.0587709913000297E-009   1.0000000000000000     
   8.0726654240436504E-009   3.0000000000000000     
   8.0865598567872711E-009   6.0000000000000000     
   8.1004542895308918E-009   4.0000000000000000     
   8.1143487222745125E-009   2.0000000000000000     
   8.1282431550181332E-009   4.0000000000000000     
   8.1421375877617539E-009   2.0000000000000000     
   8.1560320205053746E-009   7.0000000000000000     
   8.1699264532489953E-009   5.0000000000000000     
   8.1838208859926160E-009   1.0000000000000000     
   8.1977153187362367E-009   1.0000000000000000     
   8.2116097514798574E-009   3.0000000000000000     
   8.2255041842234781E-009   1.0000000000000000     
   8.2393986169670988E-009   5.0000000000000000     
   8.2532930497107195E-009   5.0000000000000000     
   8.2671874824543402E-009   2.0000000000000000     
   8.2810819151979609E-009   2.0000000000000000     
   8.2949763479415816E-009   2.0000000000000000     
   8.3088707806852023E-009   4.0000000000000000     
   8.3227652134288230E-009   3.0000000000000000     
   8.3366596461724437E-009   3.0000000000000000     
   8.3505540789160644E-009   3.0000000000000000     
   8.3644485116596851E-009   2.0000000000000000     
   8.3783429444033058E-009   2.0000000000000000     
   8.3922373771469266E-009   4.0000000000000000     
   8.4061318098905473E-009   3.0000000000000000     
   8.4200262426341680E-009   4.0000000000000000     
   8.4339206753777887E-009   1.0000000000000000     
   8.4478151081214094E-009   5.0000000000000000     
   8.4617095408650301E-009   2.0000000000000000     
   8.4756039736086508E-009   1.0000000000000000     
   8.4894984063522715E-009   4.0000000000000000     
   8.5033928390958922E-009   1.0000000000000000     
   8.5172872718395129E-009   4.0000000000000000     
   8.5311817045831336E-009   4.0000000000000000     
   8.5450761373267543E-009   3.0000000000000000     
   8.5589705700703750E-009   2.0000000000000000     
   8.5728650028139957E-009   6.0000000000000000     
   8.5867594355576164E-009   2.0000000000000000     
   8.6006538683012371E-009   6.0000000000000000     
   8.6145483010448578E-009   0.0000000000000000     
   8.6284427337884785E-009   1.0000000000000000     
   8.6423371665320992E-009   2.0000000000000000     
   8.6562315992757199E-009   1.0000000000000000     
   8.6701260320193406E-009   5.0000000000000000     
   8.6840204647629613E-009   6.0000000000000000     
   8.6979148975065820E-009   3.0000000000000000     
   8.7118093302502027E-009   5.0000000000000000     
   8.7257037629938234E-009   3.0000000000000000     
   8.7395981957374441E-009   2.0000000000000000     
   8.7534926284810649E-009   3.0000000000000000     
   8.7673870612246856E-009   3.0000000000000000     
   8.7812814939683063E-009   5.0000000000000000     
   8.7951759267119270E-009   3.0000000000000000     
   8.8090703594555477E-009   0.0000000000000000     
   8.8229647921991684E-009   0.0000000000000000     
   8.8368592249427891E-009   2.0000000000000000     
   8.8507536576864098E-009   0.0000000000000000     
   8.8646480904300305E-009   5.0000000000000000     
   8.8785425231736512E-009   1.0000000000000000     
   8.8924369559172719E-009   4.0000000000000000     
   8.9063313886608926E-009   4.0000000000000000     
   8.9202258214045133E-009   4.0000000000000000     
   8.9341202541481340E-009   4.0000000000000000     
   8.9480146868917547E-009   3.0000000000000000     
   8.9619091196353754E-009   2.0000000000000000     
   8.9758035523789961E-009   0.0000000000000000     
   8.9896979851226168E-009   2.0000000000000000     
   9.0035924178662375E-009   1.0000000000000000     
   9.0174868506098582E-009   2.0000000000000000     
   9.0313812833534789E-009   1.0000000000000000     
   9.0452757160970996E-009   0.0000000000000000     
   9.0591701488407203E-009   5.0000000000000000     
   9.0730645815843410E-009   4.0000000000000000     
   9.0869590143279617E-009   1.0000000000000000     
   9.1008534470715824E-009   1.0000000000000000     
   9.1147478798152031E-009   0.0000000000000000     
   9.1286423125588239E-009   2.0000000000000000     
   9.1425367453024446E-009   3.0000000000000000     
   9.1564311780460653E-009   0.0000000000000000     
   9.1703256107896860E-009   1.0000000000000000     
   9.1842200435333067E-009   1.0000000000000000     
   9.1981144762769274E-009   0.0000000000000000     
   9.2120089090205481E-009   0.0000000000000000     
   9.2259033417641688E-009   2.0000000000000000     
   9.2397977745077895E-009   1.0000000000000000     
   9.2536922072514102E-009   1.0000000000000000     
   9.2675866399950309E-009   2.0000000000000000     
   9.2814810727386516E-009   2.0000000000000000     
   9.2953755054822723E-009   2.0000000000000000     
   9.3092699382258930E-009   0.0000000000000000     
   9.3231643709695137E-009   1.0000000000000000     
   9.3370588037131344E-009   1.0000000000000000     
   9.3509532364567551E-009   2.0000000000000000     
   9.3648476692003758E-009   3.0000000000000000     
   9.3787421019439965E-009   4.0000000000000000     
   9.3926365346876172E-009   0.0000000000000000     
   9.4065309674312379E-009   3.0000000000000000     
   9.4204254001748586E-009   1.0000000000000000     
   9.4343198329184793E-009   2.0000000000000000     
   9.4482142656621000E-009   1.0000000000000000     
   9.4621086984057207E-009   2.0000000000000000     
   9.4760031311493414E-009   3.0000000000000000     
   9.4898975638929621E-009   1.0000000000000000     
   9.5037919966365829E-009   1.0000000000000000     
   9.5176864293802036E-009   1.0000000000000000     
   9.5315808621238243E-009   1.0000000000000000     
   9.5454752948674450E-009   2.0000000000000000     
   9.5593697276110657E-009   1.0000000000000000     
   9.5732641603546864E-009   1.0000000000000000     
   9.5871585930983071E-009   2.0000000000000000     
   9.6010530258419278E-009   1.0000000000000000     
   9.6149474585855485E-009   1.0000000000000000     
   9.6288418913291692E-009   0.0000000000000000     
   9.6427363240727899E-009   0.0000000000000000     
   9.6566307568164106E-009   1.0000000000000000     
   9.6705251895600313E-009   1.0000000000000000     
   9.6844196223036520E-009   1.0000000000000000     
   9.6983140550472727E-009   1.0000000000000000     
   9.7122084877908934E-009   0.0000000000000000     
   9.7261029205345141E-009   3.0000000000000000     
   9.7399973532781348E-009   0.0000000000000000     
   9.7538917860217555E-009   2.0000000000000000     
   9.7677862187653762E-009   1.0000000000000000     
   9.7816806515089969E-009   0.0000000000000000     
   9.7955750842526176E-009   0.0000000000000000     
   9.8094695169962383E-009   1.0000000000000000     
   9.8233639497398590E-009   0.0000000000000000     
   9.8372583824834797E-009   2.0000000000000000     
   9.8511528152271004E-009   0.0000000000000000     
   9.8650472479707211E-009   1.0000000000000000     
   9.8789416807143419E-009   1.0000000000000000     
   9.8928361134579626E-009   2.0000000000000000     
   9.9067305462015833E-009   1.0000000000000000     
   9.9206249789452040E-009   1.0000000000000000     
   9.9345194116888247E-009   1.0000000000000000     
   9.9484138444324454E-009   1.0000000000000000     
   9.9623082771760661E-009   0.0000000000000000     
   9.9762027099196868E-009   0.0000000000000000     
   9.9900971426633075E-009   0.0000000000000000     
   1.0003991575406928E-008   0.0000000000000000     
   1.0017886008150549E-008   1.0000000000000000     
   1.0031780440894170E-008   0.0000000000000000     
   1.0045674873637790E-008   0.0000000000000000     
   1.0059569306381411E-008   0.0000000000000000     
   1.0073463739125032E-008   0.0000000000000000     
   1.0087358171868652E-008   0.0000000000000000     
   1.0101252604612273E-008   1.0000000000000000     
   1.0115147037355894E-008   0.0000000000000000     
   1.0129041470099515E-008   0.0000000000000000     
   1.0142935902843135E-008   0.0000000000000000     
   1.0156830335586756E-008   0.0000000000000000     
   1.0170724768330377E-008   0.0000000000000000     
   1.0184619201073997E-008   0.0000000000000000     
   1.0198513633817618E-008   0.0000000000000000     
   1.0212408066561239E-008   2.0000000000000000     
   1.0226302499304859E-008   0.0000000000000000     
   1.0240196932048480E-008   1.0000000000000000     
   1.0254091364792101E-008   0.0000000000000000     
   1.0267985797535722E-008   0.0000000000000000     
   1.0281880230279342E-008   0.0000000000000000     
   1.0295774663022963E-008   0.0000000000000000     
   1.0309669095766584E-008   2.0000000000000000     
   1.0323563528510204E-008   0.0000000000000000     
   1.0337457961253825E-008   0.0000000000000000     
   1.0351352393997446E-008   0.0000000000000000     
   1.0365246826741066E-008   0.0000000000000000     
   1.0379141259484687E-008   0.0000000000000000     
   1.0393035692228308E-008   0.0000000000000000     
   1.0406930124971929E-008   0.0000000000000000     
   1.0420824557715549E-008   0.0000000000000000     
   1.0434718990459170E-008   1.0000000000000000     
   1.0448613423202791E-008   0.0000000000000000     
   1.0462507855946411E-008   1.0000000000000000     
   1.0476402288690032E-008   0.0000000000000000     
   1.0490296721433653E-008   0.0000000000000000     
   1.0504191154177274E-008   1.0000000000000000     
   1.0518085586920894E-008   1.0000000000000000     
   1.0531980019664515E-008   0.0000000000000000     
   1.0545874452408136E-008   0.0000000000000000     
   1.0559768885151756E-008   0.0000000000000000     
   1.0573663317895377E-008   0.0000000000000000     
   1.0587557750638998E-008   0.0000000000000000     
   1.0601452183382618E-008   0.0000000000000000     
   1.0615346616126239E-008   0.0000000000000000     
   1.0629241048869860E-008   0.0000000000000000     
   1.0643135481613481E-008   0.0000000000000000     
   1.0657029914357101E-008   0.0000000000000000     
   1.0670924347100722E-008   0.0000000000000000     
   1.0684818779844343E-008   0.0000000000000000     
   1.0698713212587963E-008   0.0000000000000000     
   1.0712607645331584E-008   0.0000000000000000     
   1.0726502078075205E-008   1.0000000000000000     
   1.0740396510818825E-008   0.0000000000000000     
   1.0754290943562446E-008   0.0000000000000000     
   1.0768185376306067E-008   1.0000000000000000     
   1.0782079809049688E-008   0.0000000000000000     
   1.0795974241793308E-008   0.0000000000000000     
   1.0809868674536929E-008   1.0000000000000000     
   1.0823763107280550E-008   0.0000000000000000     
   1.0837657540024170E-008   0.0000000000000000     
   1.0851551972767791E-008   0.0000000000000000     
   1.0865446405511412E-008   0.0000000000000000     
   1.0879340838255033E-008   0.0000000000000000     
   1.0893235270998653E-008   0.0000000000000000     
   1.0907129703742274E-008   0.0000000000000000     
   1.0921024136485895E-008   0.0000000000000000     
   1.0934918569229515E-008   1.0000000000000000     
   1.0948813001973136E-008   0.0000000000000000     
   1.0962707434716757E-008   0.0000000000000000     
   1.0976601867460377E-008   0.0000000000000000     
   1.0990496300203998E-008   0.0000000000000000     
   1.1004390732947619E-008   0.0000000000000000     
   1.1018285165691240E-008   0.0000000000000000     
   1.1032179598434860E-008   0.0000000000000000     
   1.1046074031178481E-008   1.0000000000000000     
   1.1059968463922102E-008   0.0000000000000000     
   1.1073862896665722E-008   0.0000000000000000     
   1.1087757329409343E-008   1.0000000000000000     
   1.1101651762152964E-008   0.0000000000000000     
   1.1115546194896584E-008   0.0000000000000000     
   1.1129440627640205E-008   0.0000000000000000     
   1.1143335060383826E-008   0.0000000000000000     
   1.1157229493127447E-008   0.0000000000000000     
   1.1171123925871067E-008   0.0000000000000000     
   1.1185018358614688E-008   0.0000000000000000     
   1.1198912791358309E-008   0.0000000000000000     
   1.1212807224101929E-008   0.0000000000000000     
   1.1226701656845550E-008   0.0000000000000000     
   1.1240596089589171E-008   0.0000000000000000     
   1.1254490522332792E-008   0.0000000000000000     
   1.1268384955076412E-008   0.0000000000000000     
   1.1282279387820033E-008   0.0000000000000000     
   1.1296173820563654E-008   0.0000000000000000     
   1.1310068253307274E-008   2.0000000000000000     
   1.1323962686050895E-008   0.0000000000000000     
   1.1337857118794516E-008   0.0000000000000000     
   1.1351751551538136E-008   0.0000000000000000     
   1.1365645984281757E-008   0.0000000000000000     
   1.1379540417025378E-008   1.0000000000000000     
   1.1393434849768999E-008   0.0000000000000000     
   1.1407329282512619E-008   0.0000000000000000     
   1.1421223715256240E-008   0.0000000000000000     
   1.1435118147999861E-008   0.0000000000000000     
   1.1449012580743481E-008   0.0000000000000000     
   1.1462907013487102E-008   0.0000000000000000     
   1.1476801446230723E-008   0.0000000000000000     
   1.1490695878974343E-008   0.0000000000000000     
   1.1504590311717964E-008   0.0000000000000000     
   1.1518484744461585E-008   0.0000000000000000     
   1.1532379177205206E-008   0.0000000000000000     
   1.1546273609948826E-008   0.0000000000000000     
   1.1560168042692447E-008   0.0000000000000000     
   1.1574062475436068E-008   0.0000000000000000     
   1.1587956908179688E-008   1.0000000000000000     
   1.1601851340923309E-008   0.0000000000000000     
   1.1615745773666930E-008   0.0000000000000000     
   1.1629640206410551E-008   1.0000000000000000     
   1.1643534639154171E-008   0.0000000000000000     
   1.1657429071897792E-008   0.0000000000000000     
   1.1671323504641413E-008   0.0000000000000000     
   1.1685217937385033E-008   0.0000000000000000     
   1.1699112370128654E-008   1.0000000000000000     
   1.1713006802872275E-008   0.0000000000000000     
   1.1726901235615895E-008   0.0000000000000000     
   1.1740795668359516E-008   0.0000000000000000     
   1.1754690101103137E-008   0.0000000000000000     
   1.1768584533846758E-008   0.0000000000000000     
   1.1782478966590378E-008   0.0000000000000000     
   1.1796373399333999E-008   0.0000000000000000     
   1.1810267832077620E-008   0.0000000000000000     
   1.1824162264821240E-008   0.0000000000000000     
   1.1838056697564861E-008   0.0000000000000000     
   1.1851951130308482E-008   1.0000000000000000     
   1.1865845563052102E-008   0.0000000000000000     
   1.1879739995795723E-008   0.0000000000000000     
   1.1893634428539344E-008   1.0000000000000000     
   1.1907528861282965E-008   0.0000000000000000     
   1.1921423294026585E-008   0.0000000000000000     
   1.1935317726770206E-008   0.0000000000000000     
   1.1949212159513827E-008   1.0000000000000000     
   1.1963106592257447E-008   0.0000000000000000     
   1.1977001025001068E-008   0.0000000000000000     
   1.1990895457744689E-008   0.0000000000000000     
   1.2004789890488310E-008   0.0000000000000000     
   1.2018684323231930E-008   1.0000000000000000     
   1.2032578755975551E-008   0.0000000000000000     
   1.2046473188719172E-008   0.0000000000000000     
   1.2060367621462792E-008   0.0000000000000000     
   1.2074262054206413E-008   0.0000000000000000     
   1.2088156486950034E-008   0.0000000000000000     
   1.2102050919693654E-008   0.0000000000000000     
   1.2115945352437275E-008   0.0000000000000000     
   1.2129839785180896E-008   0.0000000000000000     
   1.2143734217924517E-008   0.0000000000000000     
   1.2157628650668137E-008   0.0000000000000000     
   1.2171523083411758E-008   0.0000000000000000     
   1.2185417516155379E-008   0.0000000000000000     
   1.2199311948898999E-008   0.0000000000000000     
   1.2213206381642620E-008   0.0000000000000000     
   1.2227100814386241E-008   0.0000000000000000     
   1.2240995247129861E-008   0.0000000000000000     
   1.2254889679873482E-008   0.0000000000000000     
   1.2268784112617103E-008   0.0000000000000000     
   1.2282678545360724E-008   0.0000000000000000     
   1.2296572978104344E-008   0.0000000000000000     
   1.2310467410847965E-008   0.0000000000000000     
   1.2324361843591586E-008   0.0000000000000000     
   1.2338256276335206E-008   0.0000000000000000     
   1.2352150709078827E-008   0.0000000000000000     
   1.2366045141822448E-008   1.0000000000000000     
   1.2379939574566069E-008   0.0000000000000000     
   1.2393834007309689E-008   0.0000000000000000     
   1.2407728440053310E-008   0.0000000000000000     
   1.2421622872796931E-008   0.0000000000000000     
   1.2435517305540551E-008   0.0000000000000000     
   1.2449411738284172E-008   0.0000000000000000     
   1.2463306171027793E-008   0.0000000000000000     
   1.2477200603771413E-008   0.0000000000000000     
   1.2491095036515034E-008   0.0000000000000000     
   1.2504989469258655E-008   0.0000000000000000     
   1.2518883902002276E-008   0.0000000000000000     
   1.2532778334745896E-008   0.0000000000000000     
   1.2546672767489517E-008   0.0000000000000000     
   1.2560567200233138E-008   0.0000000000000000     
   1.2574461632976758E-008   0.0000000000000000     
   1.2588356065720379E-008   0.0000000000000000     
   1.2602250498464000E-008   1.0000000000000000     
   1.2616144931207620E-008   0.0000000000000000     
   1.2630039363951241E-008   0.0000000000000000     
   1.2643933796694862E-008   0.0000000000000000     
   1.2657828229438483E-008   0.0000000000000000     
   1.2671722662182103E-008   0.0000000000000000     
   1.2685617094925724E-008   0.0000000000000000     
   1.2699511527669345E-008   0.0000000000000000     
   1.2713405960412965E-008   0.0000000000000000     
   1.2727300393156586E-008   0.0000000000000000     
   1.2741194825900207E-008   0.0000000000000000     
   1.2755089258643828E-008   0.0000000000000000     
   1.2768983691387448E-008   0.0000000000000000     
   1.2782878124131069E-008   0.0000000000000000     
   1.2796772556874690E-008   0.0000000000000000     
   1.2810666989618310E-008   0.0000000000000000     
   1.2824561422361931E-008   0.0000000000000000     
   1.2838455855105552E-008   0.0000000000000000     
   1.2852350287849172E-008   0.0000000000000000     
   1.2866244720592793E-008   0.0000000000000000     
   1.2880139153336414E-008   0.0000000000000000     
   1.2894033586080035E-008   0.0000000000000000     
   1.2907928018823655E-008   0.0000000000000000     
   1.2921822451567276E-008   0.0000000000000000     
   1.2935716884310897E-008   0.0000000000000000     
   1.2949611317054517E-008   0.0000000000000000     
   1.2963505749798138E-008   0.0000000000000000     
   1.2977400182541759E-008   0.0000000000000000     
   1.2991294615285379E-008   0.0000000000000000     
   1.3005189048029000E-008   0.0000000000000000     
   1.3019083480772621E-008   0.0000000000000000     
   1.3032977913516242E-008   0.0000000000000000     
   1.3046872346259862E-008   0.0000000000000000     
   1.3060766779003483E-008   0.0000000000000000     
   1.3074661211747104E-008   0.0000000000000000     
   1.3088555644490724E-008   0.0000000000000000     
   1.3102450077234345E-008   0.0000000000000000     
   1.3116344509977966E-008   0.0000000000000000     
   1.3130238942721587E-008   0.0000000000000000     
   1.3144133375465207E-008   0.0000000000000000     
   1.3158027808208828E-008   1.0000000000000000     
   1.3171922240952449E-008   0.0000000000000000     
   1.3185816673696069E-008   0.0000000000000000     
   1.3199711106439690E-008   0.0000000000000000     
   1.3213605539183311E-008   0.0000000000000000     
   1.3227499971926931E-008   0.0000000000000000     
   1.3241394404670552E-008   0.0000000000000000     
   1.3255288837414173E-008   0.0000000000000000     
   1.3269183270157794E-008   0.0000000000000000     
   1.3283077702901414E-008   0.0000000000000000     
   1.3296972135645035E-008   0.0000000000000000     
   1.3310866568388656E-008   0.0000000000000000     
   1.3324761001132276E-008   1.0000000000000000     
   1.3338655433875897E-008   0.0000000000000000     
   1.3352549866619518E-008   0.0000000000000000     
   1.3366444299363138E-008   0.0000000000000000     
   1.3380338732106759E-008   0.0000000000000000     
   1.3394233164850380E-008   0.0000000000000000     
   1.3408127597594001E-008   0.0000000000000000     
   1.3422022030337621E-008   0.0000000000000000     
   1.3435916463081242E-008   1.0000000000000000     
   1.3449810895824863E-008   0.0000000000000000     
   1.3463705328568483E-008   0.0000000000000000     
   1.3477599761312104E-008   0.0000000000000000     
   1.3491494194055725E-008   0.0000000000000000     
   1.3505388626799346E-008   0.0000000000000000     
   1.3519283059542966E-008   0.0000000000000000     
   1.3533177492286587E-008   0.0000000000000000     
   1.3547071925030208E-008   0.0000000000000000     
   1.3560966357773828E-008   0.0000000000000000     
   1.3574860790517449E-008   0.0000000000000000     
   1.3588755223261070E-008   0.0000000000000000     
   1.3602649656004690E-008   0.0000000000000000     
   1.3616544088748311E-008   0.0000000000000000     
   1.3630438521491932E-008   0.0000000000000000     
   1.3644332954235553E-008   0.0000000000000000     
   1.3658227386979173E-008   0.0000000000000000     
   1.3672121819722794E-008   0.0000000000000000     
   1.3686016252466415E-008   0.0000000000000000     
   1.3699910685210035E-008   0.0000000000000000     
   1.3713805117953656E-008   0.0000000000000000     
   1.3727699550697277E-008   0.0000000000000000     
   1.3741593983440897E-008   0.0000000000000000     
   1.3755488416184518E-008   0.0000000000000000     
   1.3769382848928139E-008   0.0000000000000000     
   1.3783277281671760E-008   0.0000000000000000     
   1.3797171714415380E-008   0.0000000000000000     
   1.3811066147159001E-008   0.0000000000000000     
   1.3824960579902622E-008   0.0000000000000000     
   1.3838855012646242E-008   0.0000000000000000     
   1.3852749445389863E-008   0.0000000000000000     
   1.3866643878133484E-008   0.0000000000000000     
   1.3880538310877105E-008   0.0000000000000000     
   1.3894432743620725E-008   1.0000000000000000     
