   1.5199087029205212E-010   0.0000000000000000     
   3.0398174058410425E-010   0.0000000000000000     
   4.5597261087615640E-010   0.0000000000000000     
   6.0796348116820850E-010   0.0000000000000000     
   7.5995435146026059E-010   0.0000000000000000     
   9.1194522175231269E-010   0.0000000000000000     
   1.0639360920443648E-009   0.0000000000000000     
   1.2159269623364170E-009   0.0000000000000000     
   1.3679178326284692E-009   0.0000000000000000     
   1.5199087029205214E-009   0.0000000000000000     
   1.6718995732125736E-009   0.0000000000000000     
   1.8238904435046258E-009   0.0000000000000000     
   1.9758813137966778E-009   0.0000000000000000     
   2.1278721840887300E-009   0.0000000000000000     
   2.2798630543807822E-009   0.0000000000000000     
   2.4318539246728344E-009   0.0000000000000000     
   2.5838447949648866E-009   0.0000000000000000     
   2.7358356652569388E-009   0.0000000000000000     
   2.8878265355489910E-009   0.0000000000000000     
   3.0398174058410432E-009   0.0000000000000000     
   3.1918082761330954E-009   0.0000000000000000     
   3.3437991464251476E-009   3.0000000000000000     
   3.4957900167171998E-009   16.000000000000000     
   3.6477808870092520E-009   29.000000000000000     
   3.7997717573013042E-009   50.000000000000000     
   3.9517626275933564E-009   73.000000000000000     
   4.1037534978854086E-009   78.000000000000000     
   4.2557443681774608E-009   112.00000000000000     
   4.4077352384695130E-009   129.00000000000000     
   4.5597261087615652E-009   144.00000000000000     
   4.7117169790536174E-009   175.00000000000000     
   4.8637078493456696E-009   228.00000000000000     
   5.0156987196377218E-009   241.00000000000000     
   5.1676895899297740E-009   250.00000000000000     
   5.3196804602218262E-009   295.00000000000000     
   5.4716713305138784E-009   308.00000000000000     
   5.6236622008059306E-009   374.00000000000000     
   5.7756530710979828E-009   353.00000000000000     
   5.9276439413900350E-009   435.00000000000000     
   6.0796348116820872E-009   434.00000000000000     
   6.2316256819741394E-009   417.00000000000000     
   6.3836165522661916E-009   479.00000000000000     
   6.5356074225582438E-009   519.00000000000000     
   6.6875982928502960E-009   523.00000000000000     
   6.8395891631423482E-009   536.00000000000000     
   6.9915800334344004E-009   581.00000000000000     
   7.1435709037264526E-009   636.00000000000000     
   7.2955617740185048E-009   643.00000000000000     
   7.4475526443105570E-009   614.00000000000000     
   7.5995435146026084E-009   669.00000000000000     
   7.7515343848946606E-009   697.00000000000000     
   7.9035252551867128E-009   709.00000000000000     
   8.0555161254787650E-009   710.00000000000000     
   8.2075069957708172E-009   703.00000000000000     
   8.3594978660628694E-009   708.00000000000000     
   8.5114887363549216E-009   748.00000000000000     
   8.6634796066469738E-009   784.00000000000000     
   8.8154704769390260E-009   747.00000000000000     
   8.9674613472310782E-009   744.00000000000000     
   9.1194522175231304E-009   733.00000000000000     
   9.2714430878151826E-009   778.00000000000000     
   9.4234339581072348E-009   806.00000000000000     
   9.5754248283992870E-009   835.00000000000000     
   9.7274156986913392E-009   779.00000000000000     
   9.8794065689833914E-009   796.00000000000000     
   1.0031397439275444E-008   802.00000000000000     
   1.0183388309567496E-008   785.00000000000000     
   1.0335379179859548E-008   804.00000000000000     
   1.0487370050151600E-008   782.00000000000000     
   1.0639360920443652E-008   765.00000000000000     
   1.0791351790735705E-008   825.00000000000000     
   1.0943342661027757E-008   759.00000000000000     
   1.1095333531319809E-008   843.00000000000000     
   1.1247324401611861E-008   788.00000000000000     
   1.1399315271903913E-008   783.00000000000000     
   1.1551306142195966E-008   815.00000000000000     
   1.1703297012488018E-008   805.00000000000000     
   1.1855287882780070E-008   772.00000000000000     
   1.2007278753072122E-008   779.00000000000000     
   1.2159269623364174E-008   750.00000000000000     
   1.2311260493656227E-008   774.00000000000000     
   1.2463251363948279E-008   753.00000000000000     
   1.2615242234240331E-008   749.00000000000000     
   1.2767233104532383E-008   734.00000000000000     
   1.2919223974824435E-008   722.00000000000000     
   1.3071214845116488E-008   753.00000000000000     
   1.3223205715408540E-008   738.00000000000000     
   1.3375196585700592E-008   762.00000000000000     
   1.3527187455992644E-008   678.00000000000000     
   1.3679178326284696E-008   713.00000000000000     
   1.3831169196576749E-008   736.00000000000000     
   1.3983160066868801E-008   683.00000000000000     
   1.4135150937160853E-008   714.00000000000000     
   1.4287141807452905E-008   688.00000000000000     
   1.4439132677744957E-008   667.00000000000000     
   1.4591123548037010E-008   672.00000000000000     
   1.4743114418329062E-008   639.00000000000000     
   1.4895105288621114E-008   687.00000000000000     
   1.5047096158913165E-008   647.00000000000000     
   1.5199087029205217E-008   642.00000000000000     
   1.5351077899497269E-008   633.00000000000000     
   1.5503068769789321E-008   661.00000000000000     
   1.5655059640081373E-008   644.00000000000000     
   1.5807050510373426E-008   616.00000000000000     
   1.5959041380665478E-008   649.00000000000000     
   1.6111032250957530E-008   604.00000000000000     
   1.6263023121249582E-008   608.00000000000000     
   1.6415013991541634E-008   613.00000000000000     
   1.6567004861833687E-008   604.00000000000000     
   1.6718995732125739E-008   633.00000000000000     
   1.6870986602417791E-008   558.00000000000000     
   1.7022977472709843E-008   552.00000000000000     
   1.7174968343001895E-008   575.00000000000000     
   1.7326959213293948E-008   582.00000000000000     
   1.7478950083586000E-008   543.00000000000000     
   1.7630940953878052E-008   537.00000000000000     
   1.7782931824170104E-008   546.00000000000000     
   1.7934922694462156E-008   573.00000000000000     
   1.8086913564754209E-008   523.00000000000000     
   1.8238904435046261E-008   539.00000000000000     
   1.8390895305338313E-008   537.00000000000000     
   1.8542886175630365E-008   564.00000000000000     
   1.8694877045922417E-008   498.00000000000000     
   1.8846867916214470E-008   541.00000000000000     
   1.8998858786506522E-008   510.00000000000000     
   1.9150849656798574E-008   525.00000000000000     
   1.9302840527090626E-008   486.00000000000000     
   1.9454831397382678E-008   554.00000000000000     
   1.9606822267674731E-008   519.00000000000000     
   1.9758813137966783E-008   466.00000000000000     
   1.9910804008258835E-008   460.00000000000000     
   2.0062794878550887E-008   454.00000000000000     
   2.0214785748842939E-008   453.00000000000000     
   2.0366776619134992E-008   443.00000000000000     
   2.0518767489427044E-008   418.00000000000000     
   2.0670758359719096E-008   441.00000000000000     
   2.0822749230011148E-008   427.00000000000000     
   2.0974740100303200E-008   422.00000000000000     
   2.1126730970595253E-008   427.00000000000000     
   2.1278721840887305E-008   420.00000000000000     
   2.1430712711179357E-008   437.00000000000000     
   2.1582703581471409E-008   446.00000000000000     
   2.1734694451763461E-008   372.00000000000000     
   2.1886685322055514E-008   390.00000000000000     
   2.2038676192347566E-008   362.00000000000000     
   2.2190667062639618E-008   405.00000000000000     
   2.2342657932931670E-008   394.00000000000000     
   2.2494648803223723E-008   373.00000000000000     
   2.2646639673515775E-008   360.00000000000000     
   2.2798630543807827E-008   389.00000000000000     
   2.2950621414099879E-008   384.00000000000000     
   2.3102612284391931E-008   365.00000000000000     
   2.3254603154683984E-008   337.00000000000000     
   2.3406594024976036E-008   351.00000000000000     
   2.3558584895268088E-008   341.00000000000000     
   2.3710575765560140E-008   343.00000000000000     
   2.3862566635852192E-008   353.00000000000000     
   2.4014557506144245E-008   343.00000000000000     
   2.4166548376436297E-008   347.00000000000000     
   2.4318539246728349E-008   336.00000000000000     
   2.4470530117020401E-008   337.00000000000000     
   2.4622520987312453E-008   262.00000000000000     
   2.4774511857604506E-008   321.00000000000000     
   2.4926502727896558E-008   313.00000000000000     
   2.5078493598188610E-008   315.00000000000000     
   2.5230484468480662E-008   301.00000000000000     
   2.5382475338772714E-008   303.00000000000000     
   2.5534466209064767E-008   295.00000000000000     
   2.5686457079356819E-008   305.00000000000000     
   2.5838447949648871E-008   252.00000000000000     
   2.5990438819940923E-008   267.00000000000000     
   2.6142429690232975E-008   268.00000000000000     
   2.6294420560525028E-008   257.00000000000000     
   2.6446411430817080E-008   238.00000000000000     
   2.6598402301109132E-008   234.00000000000000     
   2.6750393171401184E-008   259.00000000000000     
   2.6902384041693236E-008   257.00000000000000     
   2.7054374911985289E-008   265.00000000000000     
   2.7206365782277341E-008   288.00000000000000     
   2.7358356652569393E-008   270.00000000000000     
   2.7510347522861445E-008   255.00000000000000     
   2.7662338393153497E-008   240.00000000000000     
   2.7814329263445550E-008   242.00000000000000     
   2.7966320133737602E-008   245.00000000000000     
   2.8118311004029654E-008   240.00000000000000     
   2.8270301874321706E-008   252.00000000000000     
   2.8422292744613758E-008   238.00000000000000     
   2.8574283614905811E-008   229.00000000000000     
   2.8726274485197863E-008   241.00000000000000     
   2.8878265355489915E-008   225.00000000000000     
   2.9030256225781967E-008   216.00000000000000     
   2.9182247096074019E-008   242.00000000000000     
   2.9334237966366072E-008   202.00000000000000     
   2.9486228836658124E-008   222.00000000000000     
   2.9638219706950176E-008   213.00000000000000     
   2.9790210577242228E-008   207.00000000000000     
   2.9942201447534277E-008   197.00000000000000     
   3.0094192317826329E-008   209.00000000000000     
   3.0246183188118381E-008   200.00000000000000     
   3.0398174058410434E-008   191.00000000000000     
   3.0550164928702486E-008   201.00000000000000     
   3.0702155798994538E-008   210.00000000000000     
   3.0854146669286590E-008   187.00000000000000     
   3.1006137539578642E-008   198.00000000000000     
   3.1158128409870695E-008   192.00000000000000     
   3.1310119280162747E-008   213.00000000000000     
   3.1462110150454799E-008   169.00000000000000     
   3.1614101020746851E-008   179.00000000000000     
   3.1766091891038903E-008   186.00000000000000     
   3.1918082761330956E-008   145.00000000000000     
   3.2070073631623008E-008   147.00000000000000     
   3.2222064501915060E-008   151.00000000000000     
   3.2374055372207112E-008   178.00000000000000     
   3.2526046242499164E-008   174.00000000000000     
   3.2678037112791217E-008   147.00000000000000     
   3.2830027983083269E-008   146.00000000000000     
   3.2982018853375321E-008   158.00000000000000     
   3.3134009723667373E-008   148.00000000000000     
   3.3286000593959426E-008   132.00000000000000     
   3.3437991464251478E-008   146.00000000000000     
   3.3589982334543530E-008   152.00000000000000     
   3.3741973204835582E-008   155.00000000000000     
   3.3893964075127634E-008   135.00000000000000     
   3.4045954945419687E-008   118.00000000000000     
   3.4197945815711739E-008   120.00000000000000     
   3.4349936686003791E-008   159.00000000000000     
   3.4501927556295843E-008   139.00000000000000     
   3.4653918426587895E-008   112.00000000000000     
   3.4805909296879948E-008   136.00000000000000     
   3.4957900167172000E-008   123.00000000000000     
   3.5109891037464052E-008   135.00000000000000     
   3.5261881907756104E-008   108.00000000000000     
   3.5413872778048156E-008   120.00000000000000     
   3.5565863648340209E-008   115.00000000000000     
   3.5717854518632261E-008   112.00000000000000     
   3.5869845388924313E-008   127.00000000000000     
   3.6021836259216365E-008   103.00000000000000     
   3.6173827129508417E-008   121.00000000000000     
   3.6325817999800470E-008   108.00000000000000     
   3.6477808870092522E-008   101.00000000000000     
   3.6629799740384574E-008   96.000000000000000     
   3.6781790610676626E-008   113.00000000000000     
   3.6933781480968678E-008   111.00000000000000     
   3.7085772351260731E-008   103.00000000000000     
   3.7237763221552783E-008   96.000000000000000     
   3.7389754091844835E-008   112.00000000000000     
   3.7541744962136887E-008   111.00000000000000     
   3.7693735832428939E-008   113.00000000000000     
   3.7845726702720992E-008   113.00000000000000     
   3.7997717573013044E-008   111.00000000000000     
   3.8149708443305096E-008   109.00000000000000     
   3.8301699313597148E-008   100.00000000000000     
   3.8453690183889200E-008   97.000000000000000     
   3.8605681054181253E-008   106.00000000000000     
   3.8757671924473305E-008   91.000000000000000     
   3.8909662794765357E-008   106.00000000000000     
   3.9061653665057409E-008   97.000000000000000     
   3.9213644535349461E-008   88.000000000000000     
   3.9365635405641514E-008   84.000000000000000     
   3.9517626275933566E-008   86.000000000000000     
   3.9669617146225618E-008   83.000000000000000     
   3.9821608016517670E-008   85.000000000000000     
   3.9973598886809722E-008   79.000000000000000     
   4.0125589757101775E-008   90.000000000000000     
   4.0277580627393827E-008   93.000000000000000     
   4.0429571497685879E-008   72.000000000000000     
   4.0581562367977931E-008   78.000000000000000     
   4.0733553238269983E-008   79.000000000000000     
   4.0885544108562036E-008   77.000000000000000     
   4.1037534978854088E-008   69.000000000000000     
   4.1189525849146140E-008   75.000000000000000     
   4.1341516719438192E-008   66.000000000000000     
   4.1493507589730244E-008   82.000000000000000     
   4.1645498460022297E-008   64.000000000000000     
   4.1797489330314349E-008   77.000000000000000     
   4.1949480200606401E-008   70.000000000000000     
   4.2101471070898453E-008   57.000000000000000     
   4.2253461941190505E-008   61.000000000000000     
   4.2405452811482558E-008   72.000000000000000     
   4.2557443681774610E-008   62.000000000000000     
   4.2709434552066662E-008   55.000000000000000     
   4.2861425422358714E-008   71.000000000000000     
   4.3013416292650766E-008   63.000000000000000     
   4.3165407162942819E-008   61.000000000000000     
   4.3317398033234871E-008   46.000000000000000     
   4.3469388903526923E-008   67.000000000000000     
   4.3621379773818975E-008   53.000000000000000     
   4.3773370644111027E-008   56.000000000000000     
   4.3925361514403080E-008   56.000000000000000     
   4.4077352384695132E-008   58.000000000000000     
   4.4229343254987184E-008   44.000000000000000     
   4.4381334125279236E-008   46.000000000000000     
   4.4533324995571288E-008   63.000000000000000     
   4.4685315865863341E-008   44.000000000000000     
   4.4837306736155393E-008   62.000000000000000     
   4.4989297606447445E-008   53.000000000000000     
   4.5141288476739497E-008   64.000000000000000     
   4.5293279347031549E-008   53.000000000000000     
   4.5445270217323602E-008   53.000000000000000     
   4.5597261087615654E-008   34.000000000000000     
   4.5749251957907706E-008   46.000000000000000     
   4.5901242828199758E-008   50.000000000000000     
   4.6053233698491810E-008   55.000000000000000     
   4.6205224568783863E-008   40.000000000000000     
   4.6357215439075915E-008   52.000000000000000     
   4.6509206309367967E-008   60.000000000000000     
   4.6661197179660019E-008   43.000000000000000     
   4.6813188049952071E-008   50.000000000000000     
   4.6965178920244124E-008   67.000000000000000     
   4.7117169790536176E-008   39.000000000000000     
   4.7269160660828228E-008   53.000000000000000     
   4.7421151531120280E-008   47.000000000000000     
   4.7573142401412332E-008   42.000000000000000     
   4.7725133271704385E-008   33.000000000000000     
   4.7877124141996437E-008   35.000000000000000     
   4.8029115012288489E-008   41.000000000000000     
   4.8181105882580541E-008   39.000000000000000     
   4.8333096752872593E-008   34.000000000000000     
   4.8485087623164646E-008   45.000000000000000     
   4.8637078493456698E-008   37.000000000000000     
   4.8789069363748750E-008   42.000000000000000     
   4.8941060234040802E-008   42.000000000000000     
   4.9093051104332854E-008   27.000000000000000     
   4.9245041974624907E-008   35.000000000000000     
   4.9397032844916959E-008   43.000000000000000     
   4.9549023715209011E-008   42.000000000000000     
   4.9701014585501063E-008   32.000000000000000     
   4.9853005455793115E-008   29.000000000000000     
   5.0004996326085168E-008   37.000000000000000     
   5.0156987196377220E-008   35.000000000000000     
   5.0308978066669272E-008   34.000000000000000     
   5.0460968936961324E-008   30.000000000000000     
   5.0612959807253376E-008   32.000000000000000     
   5.0764950677545429E-008   32.000000000000000     
   5.0916941547837481E-008   38.000000000000000     
   5.1068932418129533E-008   34.000000000000000     
   5.1220923288421585E-008   29.000000000000000     
   5.1372914158713637E-008   37.000000000000000     
   5.1524905029005690E-008   35.000000000000000     
   5.1676895899297742E-008   36.000000000000000     
   5.1828886769589794E-008   30.000000000000000     
   5.1980877639881846E-008   35.000000000000000     
   5.2132868510173898E-008   24.000000000000000     
   5.2284859380465951E-008   26.000000000000000     
   5.2436850250758003E-008   35.000000000000000     
   5.2588841121050055E-008   30.000000000000000     
   5.2740831991342107E-008   25.000000000000000     
   5.2892822861634159E-008   24.000000000000000     
   5.3044813731926212E-008   26.000000000000000     
   5.3196804602218264E-008   26.000000000000000     
   5.3348795472510316E-008   17.000000000000000     
   5.3500786342802368E-008   25.000000000000000     
   5.3652777213094420E-008   32.000000000000000     
   5.3804768083386473E-008   23.000000000000000     
   5.3956758953678525E-008   27.000000000000000     
   5.4108749823970577E-008   15.000000000000000     
   5.4260740694262629E-008   26.000000000000000     
   5.4412731564554682E-008   20.000000000000000     
   5.4564722434846734E-008   24.000000000000000     
   5.4716713305138786E-008   28.000000000000000     
   5.4868704175430838E-008   24.000000000000000     
   5.5020695045722890E-008   27.000000000000000     
   5.5172685916014943E-008   25.000000000000000     
   5.5324676786306995E-008   25.000000000000000     
   5.5476667656599047E-008   19.000000000000000     
   5.5628658526891099E-008   20.000000000000000     
   5.5780649397183151E-008   23.000000000000000     
   5.5932640267475204E-008   22.000000000000000     
   5.6084631137767256E-008   17.000000000000000     
   5.6236622008059308E-008   20.000000000000000     
   5.6388612878351360E-008   18.000000000000000     
   5.6540603748643412E-008   22.000000000000000     
   5.6692594618935465E-008   20.000000000000000     
   5.6844585489227517E-008   20.000000000000000     
   5.6996576359519569E-008   19.000000000000000     
   5.7148567229811621E-008   26.000000000000000     
   5.7300558100103673E-008   23.000000000000000     
   5.7452548970395726E-008   21.000000000000000     
   5.7604539840687778E-008   23.000000000000000     
   5.7756530710979830E-008   21.000000000000000     
   5.7908521581271882E-008   18.000000000000000     
   5.8060512451563934E-008   18.000000000000000     
   5.8212503321855987E-008   19.000000000000000     
   5.8364494192148039E-008   18.000000000000000     
   5.8516485062440091E-008   11.000000000000000     
   5.8668475932732143E-008   20.000000000000000     
   5.8820466803024195E-008   13.000000000000000     
   5.8972457673316248E-008   13.000000000000000     
   5.9124448543608300E-008   21.000000000000000     
   5.9276439413900352E-008   17.000000000000000     
   5.9428430284192404E-008   21.000000000000000     
   5.9580421154484456E-008   13.000000000000000     
   5.9732412024776502E-008   17.000000000000000     
   5.9884402895068554E-008   17.000000000000000     
   6.0036393765360606E-008   10.000000000000000     
   6.0188384635652659E-008   13.000000000000000     
   6.0340375505944711E-008   10.000000000000000     
   6.0492366376236763E-008   16.000000000000000     
   6.0644357246528815E-008   18.000000000000000     
   6.0796348116820867E-008   17.000000000000000     
   6.0948338987112920E-008   17.000000000000000     
   6.1100329857404972E-008   11.000000000000000     
   6.1252320727697024E-008   16.000000000000000     
   6.1404311597989076E-008   13.000000000000000     
   6.1556302468281128E-008   15.000000000000000     
   6.1708293338573181E-008   17.000000000000000     
   6.1860284208865233E-008   11.000000000000000     
   6.2012275079157285E-008   11.000000000000000     
   6.2164265949449337E-008   14.000000000000000     
   6.2316256819741389E-008   11.000000000000000     
   6.2468247690033442E-008   16.000000000000000     
   6.2620238560325494E-008   9.0000000000000000     
   6.2772229430617546E-008   13.000000000000000     
   6.2924220300909598E-008   8.0000000000000000     
   6.3076211171201650E-008   11.000000000000000     
   6.3228202041493703E-008   9.0000000000000000     
   6.3380192911785755E-008   9.0000000000000000     
   6.3532183782077807E-008   10.000000000000000     
   6.3684174652369859E-008   10.000000000000000     
   6.3836165522661911E-008   18.000000000000000     
   6.3988156392953964E-008   11.000000000000000     
   6.4140147263246016E-008   11.000000000000000     
   6.4292138133538068E-008   8.0000000000000000     
   6.4444129003830120E-008   8.0000000000000000     
   6.4596119874122172E-008   14.000000000000000     
   6.4748110744414225E-008   13.000000000000000     
   6.4900101614706277E-008   10.000000000000000     
   6.5052092484998329E-008   10.000000000000000     
   6.5204083355290381E-008   5.0000000000000000     
   6.5356074225582433E-008   5.0000000000000000     
   6.5508065095874486E-008   10.000000000000000     
   6.5660055966166538E-008   11.000000000000000     
   6.5812046836458590E-008   13.000000000000000     
   6.5964037706750642E-008   8.0000000000000000     
   6.6116028577042694E-008   10.000000000000000     
   6.6268019447334747E-008   8.0000000000000000     
   6.6420010317626799E-008   12.000000000000000     
   6.6572001187918851E-008   10.000000000000000     
   6.6723992058210903E-008   5.0000000000000000     
   6.6875982928502955E-008   6.0000000000000000     
   6.7027973798795008E-008   9.0000000000000000     
   6.7179964669087060E-008   3.0000000000000000     
   6.7331955539379112E-008   5.0000000000000000     
   6.7483946409671164E-008   8.0000000000000000     
   6.7635937279963216E-008   7.0000000000000000     
   6.7787928150255269E-008   4.0000000000000000     
   6.7939919020547321E-008   10.000000000000000     
   6.8091909890839373E-008   8.0000000000000000     
   6.8243900761131425E-008   8.0000000000000000     
   6.8395891631423477E-008   6.0000000000000000     
   6.8547882501715530E-008   4.0000000000000000     
   6.8699873372007582E-008   14.000000000000000     
   6.8851864242299634E-008   6.0000000000000000     
   6.9003855112591686E-008   6.0000000000000000     
   6.9155845982883738E-008   5.0000000000000000     
   6.9307836853175791E-008   9.0000000000000000     
   6.9459827723467843E-008   7.0000000000000000     
   6.9611818593759895E-008   12.000000000000000     
   6.9763809464051947E-008   4.0000000000000000     
   6.9915800334343999E-008   9.0000000000000000     
   7.0067791204636052E-008   5.0000000000000000     
   7.0219782074928104E-008   8.0000000000000000     
   7.0371772945220156E-008   10.000000000000000     
   7.0523763815512208E-008   7.0000000000000000     
   7.0675754685804260E-008   7.0000000000000000     
   7.0827745556096313E-008   5.0000000000000000     
   7.0979736426388365E-008   7.0000000000000000     
   7.1131727296680417E-008   5.0000000000000000     
   7.1283718166972469E-008   2.0000000000000000     
   7.1435709037264521E-008   6.0000000000000000     
   7.1587699907556574E-008   5.0000000000000000     
   7.1739690777848626E-008   5.0000000000000000     
   7.1891681648140678E-008   4.0000000000000000     
   7.2043672518432730E-008   9.0000000000000000     
   7.2195663388724782E-008   4.0000000000000000     
   7.2347654259016835E-008   7.0000000000000000     
   7.2499645129308887E-008   7.0000000000000000     
   7.2651635999600939E-008   4.0000000000000000     
   7.2803626869892991E-008   2.0000000000000000     
   7.2955617740185043E-008   5.0000000000000000     
   7.3107608610477096E-008   8.0000000000000000     
   7.3259599480769148E-008   5.0000000000000000     
   7.3411590351061200E-008   5.0000000000000000     
   7.3563581221353252E-008   1.0000000000000000     
   7.3715572091645304E-008   6.0000000000000000     
   7.3867562961937357E-008   11.000000000000000     
   7.4019553832229409E-008   3.0000000000000000     
   7.4171544702521461E-008   3.0000000000000000     
   7.4323535572813513E-008   4.0000000000000000     
   7.4475526443105565E-008   9.0000000000000000     
   7.4627517313397618E-008   2.0000000000000000     
   7.4779508183689670E-008   3.0000000000000000     
   7.4931499053981722E-008   5.0000000000000000     
   7.5083489924273774E-008   4.0000000000000000     
   7.5235480794565826E-008   3.0000000000000000     
   7.5387471664857879E-008   4.0000000000000000     
   7.5539462535149931E-008   1.0000000000000000     
   7.5691453405441983E-008   1.0000000000000000     
   7.5843444275734035E-008   5.0000000000000000     
   7.5995435146026087E-008   5.0000000000000000     
   7.6147426016318140E-008   2.0000000000000000     
   7.6299416886610192E-008   3.0000000000000000     
   7.6451407756902244E-008   4.0000000000000000     
   7.6603398627194296E-008   4.0000000000000000     
   7.6755389497486348E-008   1.0000000000000000     
   7.6907380367778401E-008   6.0000000000000000     
   7.7059371238070453E-008   5.0000000000000000     
   7.7211362108362505E-008   3.0000000000000000     
   7.7363352978654557E-008   6.0000000000000000     
   7.7515343848946610E-008   0.0000000000000000     
   7.7667334719238662E-008   3.0000000000000000     
   7.7819325589530714E-008   5.0000000000000000     
   7.7971316459822766E-008   1.0000000000000000     
   7.8123307330114818E-008   2.0000000000000000     
   7.8275298200406871E-008   1.0000000000000000     
   7.8427289070698923E-008   4.0000000000000000     
   7.8579279940990975E-008   1.0000000000000000     
   7.8731270811283027E-008   3.0000000000000000     
   7.8883261681575079E-008   3.0000000000000000     
   7.9035252551867132E-008   0.0000000000000000     
   7.9187243422159184E-008   5.0000000000000000     
   7.9339234292451236E-008   3.0000000000000000     
   7.9491225162743288E-008   2.0000000000000000     
   7.9643216033035340E-008   2.0000000000000000     
   7.9795206903327393E-008   2.0000000000000000     
   7.9947197773619445E-008   3.0000000000000000     
   8.0099188643911497E-008   2.0000000000000000     
   8.0251179514203549E-008   0.0000000000000000     
   8.0403170384495601E-008   2.0000000000000000     
   8.0555161254787654E-008   1.0000000000000000     
   8.0707152125079706E-008   1.0000000000000000     
   8.0859142995371758E-008   4.0000000000000000     
   8.1011133865663810E-008   2.0000000000000000     
   8.1163124735955862E-008   2.0000000000000000     
   8.1315115606247915E-008   1.0000000000000000     
   8.1467106476539967E-008   2.0000000000000000     
   8.1619097346832019E-008   0.0000000000000000     
   8.1771088217124071E-008   3.0000000000000000     
   8.1923079087416123E-008   2.0000000000000000     
   8.2075069957708176E-008   3.0000000000000000     
   8.2227060828000228E-008   4.0000000000000000     
   8.2379051698292280E-008   4.0000000000000000     
   8.2531042568584332E-008   3.0000000000000000     
   8.2683033438876384E-008   2.0000000000000000     
   8.2835024309168437E-008   1.0000000000000000     
   8.2987015179460489E-008   1.0000000000000000     
   8.3139006049752541E-008   0.0000000000000000     
   8.3290996920044593E-008   1.0000000000000000     
   8.3442987790336645E-008   3.0000000000000000     
   8.3594978660628698E-008   1.0000000000000000     
   8.3746969530920750E-008   3.0000000000000000     
   8.3898960401212802E-008   2.0000000000000000     
   8.4050951271504854E-008   2.0000000000000000     
   8.4202942141796906E-008   1.0000000000000000     
   8.4354933012088959E-008   0.0000000000000000     
   8.4506923882381011E-008   0.0000000000000000     
   8.4658914752673063E-008   2.0000000000000000     
   8.4810905622965115E-008   0.0000000000000000     
   8.4962896493257167E-008   2.0000000000000000     
   8.5114887363549220E-008   2.0000000000000000     
   8.5266878233841272E-008   3.0000000000000000     
   8.5418869104133324E-008   0.0000000000000000     
   8.5570859974425376E-008   1.0000000000000000     
   8.5722850844717428E-008   1.0000000000000000     
   8.5874841715009481E-008   1.0000000000000000     
   8.6026832585301533E-008   1.0000000000000000     
   8.6178823455593585E-008   2.0000000000000000     
   8.6330814325885637E-008   2.0000000000000000     
   8.6482805196177689E-008   1.0000000000000000     
   8.6634796066469742E-008   1.0000000000000000     
   8.6786786936761794E-008   3.0000000000000000     
   8.6938777807053846E-008   0.0000000000000000     
   8.7090768677345898E-008   0.0000000000000000     
   8.7242759547637950E-008   1.0000000000000000     
   8.7394750417930003E-008   2.0000000000000000     
   8.7546741288222055E-008   1.0000000000000000     
   8.7698732158514107E-008   1.0000000000000000     
   8.7850723028806159E-008   2.0000000000000000     
   8.8002713899098211E-008   1.0000000000000000     
   8.8154704769390264E-008   1.0000000000000000     
   8.8306695639682316E-008   0.0000000000000000     
   8.8458686509974368E-008   2.0000000000000000     
   8.8610677380266420E-008   1.0000000000000000     
   8.8762668250558472E-008   0.0000000000000000     
   8.8914659120850525E-008   1.0000000000000000     
   8.9066649991142577E-008   0.0000000000000000     
   8.9218640861434629E-008   1.0000000000000000     
   8.9370631731726681E-008   3.0000000000000000     
   8.9522622602018733E-008   0.0000000000000000     
   8.9674613472310786E-008   0.0000000000000000     
   8.9826604342602838E-008   0.0000000000000000     
   8.9978595212894890E-008   2.0000000000000000     
   9.0130586083186942E-008   1.0000000000000000     
   9.0282576953478994E-008   1.0000000000000000     
   9.0434567823771047E-008   2.0000000000000000     
   9.0586558694063099E-008   0.0000000000000000     
   9.0738549564355151E-008   6.0000000000000000     
   9.0890540434647203E-008   3.0000000000000000     
   9.1042531304939255E-008   0.0000000000000000     
   9.1194522175231308E-008   2.0000000000000000     
   9.1346513045523360E-008   1.0000000000000000     
   9.1498503915815412E-008   2.0000000000000000     
   9.1650494786107464E-008   2.0000000000000000     
   9.1802485656399516E-008   2.0000000000000000     
   9.1954476526691569E-008   1.0000000000000000     
   9.2106467396983621E-008   0.0000000000000000     
   9.2258458267275673E-008   0.0000000000000000     
   9.2410449137567725E-008   1.0000000000000000     
   9.2562440007859777E-008   2.0000000000000000     
   9.2714430878151830E-008   1.0000000000000000     
   9.2866421748443882E-008   1.0000000000000000     
   9.3018412618735934E-008   1.0000000000000000     
   9.3170403489027986E-008   0.0000000000000000     
   9.3322394359320038E-008   0.0000000000000000     
   9.3474385229612091E-008   0.0000000000000000     
   9.3626376099904143E-008   0.0000000000000000     
   9.3778366970196195E-008   0.0000000000000000     
   9.3930357840488247E-008   0.0000000000000000     
   9.4082348710780299E-008   1.0000000000000000     
   9.4234339581072352E-008   1.0000000000000000     
   9.4386330451364404E-008   1.0000000000000000     
   9.4538321321656456E-008   0.0000000000000000     
   9.4690312191948508E-008   1.0000000000000000     
   9.4842303062240560E-008   0.0000000000000000     
   9.4994293932532613E-008   2.0000000000000000     
   9.5146284802824665E-008   0.0000000000000000     
   9.5298275673116717E-008   2.0000000000000000     
   9.5450266543408769E-008   1.0000000000000000     
   9.5602257413700821E-008   0.0000000000000000     
   9.5754248283992874E-008   2.0000000000000000     
   9.5906239154284926E-008   1.0000000000000000     
   9.6058230024576978E-008   2.0000000000000000     
   9.6210220894869030E-008   1.0000000000000000     
   9.6362211765161082E-008   0.0000000000000000     
   9.6514202635453135E-008   2.0000000000000000     
   9.6666193505745187E-008   0.0000000000000000     
   9.6818184376037239E-008   2.0000000000000000     
   9.6970175246329291E-008   0.0000000000000000     
   9.7122166116621343E-008   0.0000000000000000     
   9.7274156986913396E-008   1.0000000000000000     
   9.7426147857205448E-008   1.0000000000000000     
   9.7578138727497500E-008   1.0000000000000000     
   9.7730129597789552E-008   0.0000000000000000     
   9.7882120468081604E-008   0.0000000000000000     
   9.8034111338373657E-008   1.0000000000000000     
   9.8186102208665709E-008   1.0000000000000000     
   9.8338093078957761E-008   3.0000000000000000     
   9.8490083949249813E-008   1.0000000000000000     
   9.8642074819541866E-008   0.0000000000000000     
   9.8794065689833918E-008   0.0000000000000000     
   9.8946056560125970E-008   1.0000000000000000     
   9.9098047430418022E-008   1.0000000000000000     
   9.9250038300710074E-008   1.0000000000000000     
   9.9402029171002127E-008   2.0000000000000000     
   9.9554020041294179E-008   0.0000000000000000     
   9.9706010911586231E-008   1.0000000000000000     
   9.9858001781878283E-008   1.0000000000000000     
   1.0000999265217034E-007   0.0000000000000000     
   1.0016198352246239E-007   1.0000000000000000     
   1.0031397439275444E-007   2.0000000000000000     
   1.0046596526304649E-007   1.0000000000000000     
   1.0061795613333854E-007   2.0000000000000000     
   1.0076994700363060E-007   0.0000000000000000     
   1.0092193787392265E-007   0.0000000000000000     
   1.0107392874421470E-007   0.0000000000000000     
   1.0122591961450675E-007   0.0000000000000000     
   1.0137791048479881E-007   0.0000000000000000     
   1.0152990135509086E-007   0.0000000000000000     
   1.0168189222538291E-007   0.0000000000000000     
   1.0183388309567496E-007   3.0000000000000000     
   1.0198587396596701E-007   0.0000000000000000     
   1.0213786483625907E-007   0.0000000000000000     
   1.0228985570655112E-007   0.0000000000000000     
   1.0244184657684317E-007   0.0000000000000000     
   1.0259383744713522E-007   0.0000000000000000     
   1.0274582831742727E-007   0.0000000000000000     
   1.0289781918771933E-007   0.0000000000000000     
   1.0304981005801138E-007   2.0000000000000000     
   1.0320180092830343E-007   0.0000000000000000     
   1.0335379179859548E-007   0.0000000000000000     
   1.0350578266888754E-007   0.0000000000000000     
   1.0365777353917959E-007   0.0000000000000000     
   1.0380976440947164E-007   0.0000000000000000     
   1.0396175527976369E-007   1.0000000000000000     
   1.0411374615005574E-007   0.0000000000000000     
   1.0426573702034780E-007   0.0000000000000000     
   1.0441772789063985E-007   1.0000000000000000     
   1.0456971876093190E-007   0.0000000000000000     
   1.0472170963122395E-007   0.0000000000000000     
   1.0487370050151601E-007   0.0000000000000000     
   1.0502569137180806E-007   0.0000000000000000     
   1.0517768224210011E-007   0.0000000000000000     
   1.0532967311239216E-007   0.0000000000000000     
   1.0548166398268421E-007   0.0000000000000000     
   1.0563365485297627E-007   0.0000000000000000     
   1.0578564572326832E-007   0.0000000000000000     
   1.0593763659356037E-007   0.0000000000000000     
   1.0608962746385242E-007   1.0000000000000000     
   1.0624161833414448E-007   0.0000000000000000     
   1.0639360920443653E-007   0.0000000000000000     
   1.0654560007472858E-007   0.0000000000000000     
   1.0669759094502063E-007   0.0000000000000000     
   1.0684958181531268E-007   0.0000000000000000     
   1.0700157268560474E-007   1.0000000000000000     
   1.0715356355589679E-007   0.0000000000000000     
   1.0730555442618884E-007   0.0000000000000000     
   1.0745754529648089E-007   0.0000000000000000     
   1.0760953616677295E-007   1.0000000000000000     
   1.0776152703706500E-007   0.0000000000000000     
   1.0791351790735705E-007   0.0000000000000000     
   1.0806550877764910E-007   0.0000000000000000     
   1.0821749964794115E-007   1.0000000000000000     
   1.0836949051823321E-007   0.0000000000000000     
   1.0852148138852526E-007   1.0000000000000000     
   1.0867347225881731E-007   0.0000000000000000     
   1.0882546312910936E-007   1.0000000000000000     
   1.0897745399940142E-007   0.0000000000000000     
   1.0912944486969347E-007   0.0000000000000000     
   1.0928143573998552E-007   1.0000000000000000     
   1.0943342661027757E-007   0.0000000000000000     
   1.0958541748056962E-007   0.0000000000000000     
   1.0973740835086168E-007   0.0000000000000000     
   1.0988939922115373E-007   1.0000000000000000     
   1.1004139009144578E-007   0.0000000000000000     
   1.1019338096173783E-007   1.0000000000000000     
   1.1034537183202989E-007   1.0000000000000000     
   1.1049736270232194E-007   0.0000000000000000     
   1.1064935357261399E-007   0.0000000000000000     
   1.1080134444290604E-007   0.0000000000000000     
   1.1095333531319809E-007   1.0000000000000000     
   1.1110532618349015E-007   0.0000000000000000     
   1.1125731705378220E-007   0.0000000000000000     
   1.1140930792407425E-007   0.0000000000000000     
   1.1156129879436630E-007   0.0000000000000000     
   1.1171328966465835E-007   0.0000000000000000     
   1.1186528053495041E-007   0.0000000000000000     
   1.1201727140524246E-007   1.0000000000000000     
   1.1216926227553451E-007   0.0000000000000000     
   1.1232125314582656E-007   0.0000000000000000     
   1.1247324401611862E-007   0.0000000000000000     
   1.1262523488641067E-007   0.0000000000000000     
   1.1277722575670272E-007   0.0000000000000000     
   1.1292921662699477E-007   0.0000000000000000     
   1.1308120749728682E-007   0.0000000000000000     
   1.1323319836757888E-007   0.0000000000000000     
   1.1338518923787093E-007   0.0000000000000000     
   1.1353718010816298E-007   0.0000000000000000     
   1.1368917097845503E-007   0.0000000000000000     
   1.1384116184874709E-007   0.0000000000000000     
   1.1399315271903914E-007   0.0000000000000000     
   1.1414514358933119E-007   0.0000000000000000     
   1.1429713445962324E-007   0.0000000000000000     
   1.1444912532991529E-007   0.0000000000000000     
   1.1460111620020735E-007   0.0000000000000000     
   1.1475310707049940E-007   0.0000000000000000     
   1.1490509794079145E-007   0.0000000000000000     
   1.1505708881108350E-007   0.0000000000000000     
   1.1520907968137556E-007   0.0000000000000000     
   1.1536107055166761E-007   0.0000000000000000     
   1.1551306142195966E-007   0.0000000000000000     
   1.1566505229225171E-007   0.0000000000000000     
   1.1581704316254376E-007   0.0000000000000000     
   1.1596903403283582E-007   1.0000000000000000     
   1.1612102490312787E-007   0.0000000000000000     
   1.1627301577341992E-007   0.0000000000000000     
   1.1642500664371197E-007   0.0000000000000000     
   1.1657699751400403E-007   0.0000000000000000     
   1.1672898838429608E-007   0.0000000000000000     
   1.1688097925458813E-007   0.0000000000000000     
   1.1703297012488018E-007   0.0000000000000000     
   1.1718496099517223E-007   0.0000000000000000     
   1.1733695186546429E-007   0.0000000000000000     
   1.1748894273575634E-007   0.0000000000000000     
   1.1764093360604839E-007   0.0000000000000000     
   1.1779292447634044E-007   0.0000000000000000     
   1.1794491534663250E-007   0.0000000000000000     
   1.1809690621692455E-007   1.0000000000000000     
   1.1824889708721660E-007   0.0000000000000000     
   1.1840088795750865E-007   0.0000000000000000     
   1.1855287882780070E-007   0.0000000000000000     
   1.1870486969809276E-007   0.0000000000000000     
   1.1885686056838481E-007   0.0000000000000000     
   1.1900885143867686E-007   1.0000000000000000     
   1.1916084230896891E-007   0.0000000000000000     
   1.1931283317926095E-007   0.0000000000000000     
   1.1946482404955300E-007   0.0000000000000000     
   1.1961681491984506E-007   0.0000000000000000     
   1.1976880579013711E-007   0.0000000000000000     
   1.1992079666042916E-007   0.0000000000000000     
   1.2007278753072121E-007   0.0000000000000000     
   1.2022477840101326E-007   0.0000000000000000     
   1.2037676927130532E-007   0.0000000000000000     
   1.2052876014159737E-007   0.0000000000000000     
   1.2068075101188942E-007   1.0000000000000000     
   1.2083274188218147E-007   1.0000000000000000     
   1.2098473275247353E-007   0.0000000000000000     
   1.2113672362276558E-007   0.0000000000000000     
   1.2128871449305763E-007   0.0000000000000000     
   1.2144070536334968E-007   0.0000000000000000     
   1.2159269623364173E-007   0.0000000000000000     
   1.2174468710393379E-007   0.0000000000000000     
   1.2189667797422584E-007   0.0000000000000000     
   1.2204866884451789E-007   0.0000000000000000     
   1.2220065971480994E-007   0.0000000000000000     
   1.2235265058510200E-007   0.0000000000000000     
   1.2250464145539405E-007   0.0000000000000000     
   1.2265663232568610E-007   0.0000000000000000     
   1.2280862319597815E-007   0.0000000000000000     
   1.2296061406627020E-007   0.0000000000000000     
   1.2311260493656226E-007   0.0000000000000000     
   1.2326459580685431E-007   0.0000000000000000     
   1.2341658667714636E-007   0.0000000000000000     
   1.2356857754743841E-007   0.0000000000000000     
   1.2372056841773047E-007   0.0000000000000000     
   1.2387255928802252E-007   0.0000000000000000     
   1.2402455015831457E-007   0.0000000000000000     
   1.2417654102860662E-007   0.0000000000000000     
   1.2432853189889867E-007   0.0000000000000000     
   1.2448052276919073E-007   0.0000000000000000     
   1.2463251363948278E-007   0.0000000000000000     
   1.2478450450977483E-007   0.0000000000000000     
   1.2493649538006688E-007   0.0000000000000000     
   1.2508848625035894E-007   0.0000000000000000     
   1.2524047712065099E-007   1.0000000000000000     
   1.2539246799094304E-007   0.0000000000000000     
   1.2554445886123509E-007   0.0000000000000000     
   1.2569644973152714E-007   0.0000000000000000     
   1.2584844060181920E-007   0.0000000000000000     
   1.2600043147211125E-007   0.0000000000000000     
   1.2615242234240330E-007   0.0000000000000000     
   1.2630441321269535E-007   0.0000000000000000     
   1.2645640408298741E-007   0.0000000000000000     
   1.2660839495327946E-007   1.0000000000000000     
   1.2676038582357151E-007   0.0000000000000000     
   1.2691237669386356E-007   0.0000000000000000     
   1.2706436756415561E-007   0.0000000000000000     
   1.2721635843444767E-007   0.0000000000000000     
   1.2736834930473972E-007   0.0000000000000000     
   1.2752034017503177E-007   0.0000000000000000     
   1.2767233104532382E-007   0.0000000000000000     
   1.2782432191561587E-007   0.0000000000000000     
   1.2797631278590793E-007   0.0000000000000000     
   1.2812830365619998E-007   0.0000000000000000     
   1.2828029452649203E-007   0.0000000000000000     
   1.2843228539678408E-007   0.0000000000000000     
   1.2858427626707614E-007   0.0000000000000000     
   1.2873626713736819E-007   0.0000000000000000     
   1.2888825800766024E-007   0.0000000000000000     
   1.2904024887795229E-007   0.0000000000000000     
   1.2919223974824434E-007   0.0000000000000000     
   1.2934423061853640E-007   0.0000000000000000     
   1.2949622148882845E-007   0.0000000000000000     
   1.2964821235912050E-007   0.0000000000000000     
   1.2980020322941255E-007   0.0000000000000000     
   1.2995219409970461E-007   0.0000000000000000     
   1.3010418496999666E-007   0.0000000000000000     
   1.3025617584028871E-007   0.0000000000000000     
   1.3040816671058076E-007   0.0000000000000000     
   1.3056015758087281E-007   0.0000000000000000     
   1.3071214845116487E-007   0.0000000000000000     
   1.3086413932145692E-007   0.0000000000000000     
   1.3101613019174897E-007   0.0000000000000000     
   1.3116812106204102E-007   0.0000000000000000     
   1.3132011193233308E-007   0.0000000000000000     
   1.3147210280262513E-007   0.0000000000000000     
   1.3162409367291718E-007   0.0000000000000000     
   1.3177608454320923E-007   0.0000000000000000     
   1.3192807541350128E-007   0.0000000000000000     
   1.3208006628379334E-007   0.0000000000000000     
   1.3223205715408539E-007   0.0000000000000000     
   1.3238404802437744E-007   0.0000000000000000     
   1.3253603889466949E-007   0.0000000000000000     
   1.3268802976496155E-007   0.0000000000000000     
   1.3284002063525360E-007   0.0000000000000000     
   1.3299201150554565E-007   0.0000000000000000     
   1.3314400237583770E-007   0.0000000000000000     
   1.3329599324612975E-007   0.0000000000000000     
   1.3344798411642181E-007   0.0000000000000000     
   1.3359997498671386E-007   0.0000000000000000     
   1.3375196585700591E-007   0.0000000000000000     
   1.3390395672729796E-007   0.0000000000000000     
   1.3405594759759002E-007   0.0000000000000000     
   1.3420793846788207E-007   0.0000000000000000     
   1.3435992933817412E-007   0.0000000000000000     
   1.3451192020846617E-007   0.0000000000000000     
   1.3466391107875822E-007   0.0000000000000000     
   1.3481590194905028E-007   0.0000000000000000     
   1.3496789281934233E-007   0.0000000000000000     
   1.3511988368963438E-007   0.0000000000000000     
   1.3527187455992643E-007   0.0000000000000000     
   1.3542386543021849E-007   0.0000000000000000     
   1.3557585630051054E-007   0.0000000000000000     
   1.3572784717080259E-007   0.0000000000000000     
   1.3587983804109464E-007   0.0000000000000000     
   1.3603182891138669E-007   0.0000000000000000     
   1.3618381978167875E-007   0.0000000000000000     
   1.3633581065197080E-007   0.0000000000000000     
   1.3648780152226285E-007   0.0000000000000000     
   1.3663979239255490E-007   0.0000000000000000     
   1.3679178326284695E-007   0.0000000000000000     
   1.3694377413313901E-007   0.0000000000000000     
   1.3709576500343106E-007   0.0000000000000000     
   1.3724775587372311E-007   0.0000000000000000     
   1.3739974674401516E-007   0.0000000000000000     
   1.3755173761430722E-007   0.0000000000000000     
   1.3770372848459927E-007   0.0000000000000000     
   1.3785571935489132E-007   0.0000000000000000     
   1.3800771022518337E-007   0.0000000000000000     
   1.3815970109547542E-007   0.0000000000000000     
   1.3831169196576748E-007   0.0000000000000000     
   1.3846368283605953E-007   0.0000000000000000     
   1.3861567370635158E-007   0.0000000000000000     
   1.3876766457664363E-007   0.0000000000000000     
   1.3891965544693569E-007   0.0000000000000000     
   1.3907164631722774E-007   0.0000000000000000     
   1.3922363718751979E-007   0.0000000000000000     
   1.3937562805781184E-007   0.0000000000000000     
   1.3952761892810389E-007   0.0000000000000000     
   1.3967960979839595E-007   0.0000000000000000     
   1.3983160066868800E-007   0.0000000000000000     
   1.3998359153898005E-007   0.0000000000000000     
   1.4013558240927210E-007   0.0000000000000000     
   1.4028757327956416E-007   0.0000000000000000     
   1.4043956414985621E-007   0.0000000000000000     
   1.4059155502014826E-007   0.0000000000000000     
   1.4074354589044031E-007   0.0000000000000000     
   1.4089553676073236E-007   0.0000000000000000     
   1.4104752763102442E-007   0.0000000000000000     
   1.4119951850131647E-007   0.0000000000000000     
   1.4135150937160852E-007   0.0000000000000000     
   1.4150350024190057E-007   0.0000000000000000     
   1.4165549111219263E-007   0.0000000000000000     
   1.4180748198248468E-007   0.0000000000000000     
   1.4195947285277673E-007   0.0000000000000000     
   1.4211146372306878E-007   0.0000000000000000     
   1.4226345459336083E-007   0.0000000000000000     
   1.4241544546365289E-007   0.0000000000000000     
   1.4256743633394494E-007   0.0000000000000000     
   1.4271942720423699E-007   0.0000000000000000     
   1.4287141807452904E-007   0.0000000000000000     
   1.4302340894482110E-007   0.0000000000000000     
   1.4317539981511315E-007   0.0000000000000000     
   1.4332739068540520E-007   0.0000000000000000     
   1.4347938155569725E-007   0.0000000000000000     
   1.4363137242598930E-007   0.0000000000000000     
   1.4378336329628136E-007   0.0000000000000000     
   1.4393535416657341E-007   0.0000000000000000     
   1.4408734503686546E-007   0.0000000000000000     
   1.4423933590715751E-007   0.0000000000000000     
   1.4439132677744956E-007   0.0000000000000000     
   1.4454331764774162E-007   0.0000000000000000     
   1.4469530851803367E-007   0.0000000000000000     
   1.4484729938832572E-007   0.0000000000000000     
   1.4499929025861777E-007   0.0000000000000000     
   1.4515128112890983E-007   0.0000000000000000     
   1.4530327199920188E-007   0.0000000000000000     
   1.4545526286949393E-007   0.0000000000000000     
   1.4560725373978598E-007   0.0000000000000000     
   1.4575924461007803E-007   0.0000000000000000     
   1.4591123548037009E-007   0.0000000000000000     
   1.4606322635066214E-007   0.0000000000000000     
   1.4621521722095419E-007   0.0000000000000000     
   1.4636720809124624E-007   0.0000000000000000     
   1.4651919896153830E-007   0.0000000000000000     
   1.4667118983183035E-007   0.0000000000000000     
   1.4682318070212240E-007   0.0000000000000000     
   1.4697517157241445E-007   0.0000000000000000     
   1.4712716244270650E-007   0.0000000000000000     
   1.4727915331299856E-007   0.0000000000000000     
   1.4743114418329061E-007   0.0000000000000000     
   1.4758313505358266E-007   0.0000000000000000     
   1.4773512592387471E-007   0.0000000000000000     
   1.4788711679416677E-007   0.0000000000000000     
   1.4803910766445882E-007   0.0000000000000000     
   1.4819109853475087E-007   0.0000000000000000     
   1.4834308940504292E-007   0.0000000000000000     
   1.4849508027533497E-007   0.0000000000000000     
   1.4864707114562703E-007   0.0000000000000000     
   1.4879906201591908E-007   0.0000000000000000     
   1.4895105288621113E-007   0.0000000000000000     
   1.4910304375650318E-007   0.0000000000000000     
   1.4925503462679524E-007   0.0000000000000000     
   1.4940702549708729E-007   0.0000000000000000     
   1.4955901636737934E-007   0.0000000000000000     
   1.4971100723767139E-007   0.0000000000000000     
   1.4986299810796344E-007   0.0000000000000000     
   1.5001498897825550E-007   0.0000000000000000     
   1.5016697984854755E-007   0.0000000000000000     
   1.5031897071883960E-007   0.0000000000000000     
   1.5047096158913165E-007   0.0000000000000000     
   1.5062295245942371E-007   0.0000000000000000     
   1.5077494332971576E-007   0.0000000000000000     
   1.5092693420000781E-007   0.0000000000000000     
   1.5107892507029986E-007   0.0000000000000000     
   1.5123091594059191E-007   0.0000000000000000     
   1.5138290681088397E-007   0.0000000000000000     
   1.5153489768117602E-007   0.0000000000000000     
   1.5168688855146807E-007   0.0000000000000000     
   1.5183887942176012E-007   0.0000000000000000     
   1.5199087029205217E-007   1.0000000000000000     
