   1.1906536875154112E-009   0.0000000000000000     
   2.3813073750308223E-009   0.0000000000000000     
   3.5719610625462335E-009   0.0000000000000000     
   4.7626147500616446E-009   0.0000000000000000     
   5.9532684375770558E-009   0.0000000000000000     
   7.1439221250924669E-009   0.0000000000000000     
   8.3345758126078789E-009   0.0000000000000000     
   9.5252295001232892E-009   0.0000000000000000     
   1.0715883187638700E-008   0.0000000000000000     
   1.1906536875154110E-008   0.0000000000000000     
   1.3097190562669520E-008   0.0000000000000000     
   1.4287844250184931E-008   0.0000000000000000     
   1.5478497937700341E-008   0.0000000000000000     
   1.6669151625215751E-008   0.0000000000000000     
   1.7859805312731162E-008   2.0000000000000000     
   1.9050459000246572E-008   1.0000000000000000     
   2.0241112687761982E-008   0.0000000000000000     
   2.1431766375277393E-008   4.0000000000000000     
   2.2622420062792803E-008   3.0000000000000000     
   2.3813073750308213E-008   3.0000000000000000     
   2.5003727437823624E-008   11.000000000000000     
   2.6194381125339034E-008   15.000000000000000     
   2.7385034812854444E-008   23.000000000000000     
   2.8575688500369855E-008   30.000000000000000     
   2.9766342187885265E-008   30.000000000000000     
   3.0956995875400675E-008   53.000000000000000     
   3.2147649562916089E-008   66.000000000000000     
   3.3338303250431502E-008   79.000000000000000     
   3.4528956937946916E-008   78.000000000000000     
   3.5719610625462330E-008   96.000000000000000     
   3.6910264312977743E-008   96.000000000000000     
   3.8100918000493157E-008   136.00000000000000     
   3.9291571688008571E-008   129.00000000000000     
   4.0482225375523984E-008   168.00000000000000     
   4.1672879063039398E-008   220.00000000000000     
   4.2863532750554812E-008   218.00000000000000     
   4.4054186438070225E-008   228.00000000000000     
   4.5244840125585639E-008   259.00000000000000     
   4.6435493813101052E-008   266.00000000000000     
   4.7626147500616466E-008   325.00000000000000     
   4.8816801188131880E-008   279.00000000000000     
   5.0007454875647293E-008   338.00000000000000     
   5.1198108563162707E-008   376.00000000000000     
   5.2388762250678121E-008   372.00000000000000     
   5.3579415938193534E-008   357.00000000000000     
   5.4770069625708948E-008   437.00000000000000     
   5.5960723313224362E-008   445.00000000000000     
   5.7151377000739775E-008   469.00000000000000     
   5.8342030688255189E-008   491.00000000000000     
   5.9532684375770602E-008   475.00000000000000     
   6.0723338063286016E-008   538.00000000000000     
   6.1913991750801430E-008   525.00000000000000     
   6.3104645438316843E-008   517.00000000000000     
   6.4295299125832257E-008   536.00000000000000     
   6.5485952813347671E-008   596.00000000000000     
   6.6676606500863084E-008   559.00000000000000     
   6.7867260188378498E-008   550.00000000000000     
   6.9057913875893912E-008   573.00000000000000     
   7.0248567563409325E-008   590.00000000000000     
   7.1439221250924739E-008   617.00000000000000     
   7.2629874938440152E-008   613.00000000000000     
   7.3820528625955566E-008   613.00000000000000     
   7.5011182313470980E-008   649.00000000000000     
   7.6201836000986393E-008   630.00000000000000     
   7.7392489688501807E-008   658.00000000000000     
   7.8583143376017221E-008   650.00000000000000     
   7.9773797063532634E-008   708.00000000000000     
   8.0964450751048048E-008   719.00000000000000     
   8.2155104438563462E-008   649.00000000000000     
   8.3345758126078875E-008   660.00000000000000     
   8.4536411813594289E-008   650.00000000000000     
   8.5727065501109702E-008   714.00000000000000     
   8.6917719188625116E-008   673.00000000000000     
   8.8108372876140530E-008   642.00000000000000     
   8.9299026563655943E-008   663.00000000000000     
   9.0489680251171357E-008   713.00000000000000     
   9.1680333938686771E-008   678.00000000000000     
   9.2870987626202184E-008   659.00000000000000     
   9.4061641313717598E-008   709.00000000000000     
   9.5252295001233012E-008   715.00000000000000     
   9.6442948688748425E-008   697.00000000000000     
   9.7633602376263839E-008   702.00000000000000     
   9.8824256063779252E-008   643.00000000000000     
   1.0001490975129467E-007   715.00000000000000     
   1.0120556343881008E-007   668.00000000000000     
   1.0239621712632549E-007   679.00000000000000     
   1.0358687081384091E-007   691.00000000000000     
   1.0477752450135632E-007   643.00000000000000     
   1.0596817818887173E-007   681.00000000000000     
   1.0715883187638715E-007   685.00000000000000     
   1.0834948556390256E-007   657.00000000000000     
   1.0954013925141798E-007   669.00000000000000     
   1.1073079293893339E-007   692.00000000000000     
   1.1192144662644880E-007   688.00000000000000     
   1.1311210031396422E-007   675.00000000000000     
   1.1430275400147963E-007   635.00000000000000     
   1.1549340768899504E-007   593.00000000000000     
   1.1668406137651046E-007   627.00000000000000     
   1.1787471506402587E-007   638.00000000000000     
   1.1906536875154128E-007   669.00000000000000     
   1.2025602243905668E-007   663.00000000000000     
   1.2144667612657209E-007   623.00000000000000     
   1.2263732981408749E-007   572.00000000000000     
   1.2382798350160289E-007   606.00000000000000     
   1.2501863718911829E-007   608.00000000000000     
   1.2620929087663369E-007   602.00000000000000     
   1.2739994456414909E-007   588.00000000000000     
   1.2859059825166449E-007   591.00000000000000     
   1.2978125193917989E-007   615.00000000000000     
   1.3097190562669529E-007   569.00000000000000     
   1.3216255931421069E-007   583.00000000000000     
   1.3335321300172609E-007   577.00000000000000     
   1.3454386668924149E-007   609.00000000000000     
   1.3573452037675689E-007   601.00000000000000     
   1.3692517406427229E-007   544.00000000000000     
   1.3811582775178769E-007   560.00000000000000     
   1.3930648143930309E-007   573.00000000000000     
   1.4049713512681849E-007   595.00000000000000     
   1.4168778881433389E-007   546.00000000000000     
   1.4287844250184929E-007   520.00000000000000     
   1.4406909618936469E-007   511.00000000000000     
   1.4525974987688009E-007   529.00000000000000     
   1.4645040356439549E-007   533.00000000000000     
   1.4764105725191089E-007   513.00000000000000     
   1.4883171093942629E-007   509.00000000000000     
   1.5002236462694169E-007   530.00000000000000     
   1.5121301831445710E-007   495.00000000000000     
   1.5240367200197250E-007   494.00000000000000     
   1.5359432568948790E-007   542.00000000000000     
   1.5478497937700330E-007   475.00000000000000     
   1.5597563306451870E-007   518.00000000000000     
   1.5716628675203410E-007   506.00000000000000     
   1.5835694043954950E-007   496.00000000000000     
   1.5954759412706490E-007   501.00000000000000     
   1.6073824781458030E-007   430.00000000000000     
   1.6192890150209570E-007   453.00000000000000     
   1.6311955518961110E-007   424.00000000000000     
   1.6431020887712650E-007   419.00000000000000     
   1.6550086256464190E-007   445.00000000000000     
   1.6669151625215730E-007   453.00000000000000     
   1.6788216993967270E-007   442.00000000000000     
   1.6907282362718810E-007   435.00000000000000     
   1.7026347731470350E-007   440.00000000000000     
   1.7145413100221890E-007   468.00000000000000     
   1.7264478468973430E-007   422.00000000000000     
   1.7383543837724970E-007   415.00000000000000     
   1.7502609206476510E-007   401.00000000000000     
   1.7621674575228050E-007   421.00000000000000     
   1.7740739943979590E-007   395.00000000000000     
   1.7859805312731130E-007   440.00000000000000     
   1.7978870681482670E-007   383.00000000000000     
   1.8097936050234211E-007   396.00000000000000     
   1.8217001418985751E-007   365.00000000000000     
   1.8336066787737291E-007   367.00000000000000     
   1.8455132156488831E-007   416.00000000000000     
   1.8574197525240371E-007   388.00000000000000     
   1.8693262893991911E-007   378.00000000000000     
   1.8812328262743451E-007   381.00000000000000     
   1.8931393631494991E-007   375.00000000000000     
   1.9050459000246531E-007   371.00000000000000     
   1.9169524368998071E-007   335.00000000000000     
   1.9288589737749611E-007   345.00000000000000     
   1.9407655106501151E-007   341.00000000000000     
   1.9526720475252691E-007   371.00000000000000     
   1.9645785844004231E-007   360.00000000000000     
   1.9764851212755771E-007   346.00000000000000     
   1.9883916581507311E-007   357.00000000000000     
   2.0002981950258851E-007   321.00000000000000     
   2.0122047319010391E-007   324.00000000000000     
   2.0241112687761931E-007   336.00000000000000     
   2.0360178056513471E-007   335.00000000000000     
   2.0479243425265011E-007   316.00000000000000     
   2.0598308794016551E-007   341.00000000000000     
   2.0717374162768091E-007   290.00000000000000     
   2.0836439531519631E-007   308.00000000000000     
   2.0955504900271171E-007   322.00000000000000     
   2.1074570269022712E-007   295.00000000000000     
   2.1193635637774252E-007   302.00000000000000     
   2.1312701006525792E-007   311.00000000000000     
   2.1431766375277332E-007   302.00000000000000     
   2.1550831744028872E-007   264.00000000000000     
   2.1669897112780412E-007   276.00000000000000     
   2.1788962481531952E-007   272.00000000000000     
   2.1908027850283492E-007   263.00000000000000     
   2.2027093219035032E-007   279.00000000000000     
   2.2146158587786572E-007   271.00000000000000     
   2.2265223956538112E-007   269.00000000000000     
   2.2384289325289652E-007   240.00000000000000     
   2.2503354694041192E-007   276.00000000000000     
   2.2622420062792732E-007   251.00000000000000     
   2.2741485431544272E-007   250.00000000000000     
   2.2860550800295812E-007   252.00000000000000     
   2.2979616169047352E-007   252.00000000000000     
   2.3098681537798892E-007   244.00000000000000     
   2.3217746906550432E-007   245.00000000000000     
   2.3336812275301972E-007   238.00000000000000     
   2.3455877644053512E-007   244.00000000000000     
   2.3574943012805052E-007   254.00000000000000     
   2.3694008381556592E-007   223.00000000000000     
   2.3813073750308132E-007   243.00000000000000     
   2.3932139119059672E-007   255.00000000000000     
   2.4051204487811215E-007   225.00000000000000     
   2.4170269856562758E-007   219.00000000000000     
   2.4289335225314301E-007   233.00000000000000     
   2.4408400594065843E-007   202.00000000000000     
   2.4527465962817386E-007   230.00000000000000     
   2.4646531331568929E-007   204.00000000000000     
   2.4765596700320471E-007   209.00000000000000     
   2.4884662069072014E-007   201.00000000000000     
   2.5003727437823557E-007   230.00000000000000     
   2.5122792806575099E-007   186.00000000000000     
   2.5241858175326642E-007   184.00000000000000     
   2.5360923544078185E-007   194.00000000000000     
   2.5479988912829727E-007   231.00000000000000     
   2.5599054281581270E-007   205.00000000000000     
   2.5718119650332813E-007   193.00000000000000     
   2.5837185019084355E-007   188.00000000000000     
   2.5956250387835898E-007   188.00000000000000     
   2.6075315756587441E-007   198.00000000000000     
   2.6194381125338984E-007   203.00000000000000     
   2.6313446494090526E-007   171.00000000000000     
   2.6432511862842069E-007   182.00000000000000     
   2.6551577231593612E-007   182.00000000000000     
   2.6670642600345154E-007   186.00000000000000     
   2.6789707969096697E-007   193.00000000000000     
   2.6908773337848240E-007   181.00000000000000     
   2.7027838706599782E-007   163.00000000000000     
   2.7146904075351325E-007   170.00000000000000     
   2.7265969444102868E-007   152.00000000000000     
   2.7385034812854410E-007   161.00000000000000     
   2.7504100181605953E-007   155.00000000000000     
   2.7623165550357496E-007   158.00000000000000     
   2.7742230919109038E-007   158.00000000000000     
   2.7861296287860581E-007   175.00000000000000     
   2.7980361656612124E-007   148.00000000000000     
   2.8099427025363667E-007   153.00000000000000     
   2.8218492394115209E-007   153.00000000000000     
   2.8337557762866752E-007   131.00000000000000     
   2.8456623131618295E-007   144.00000000000000     
   2.8575688500369837E-007   129.00000000000000     
   2.8694753869121380E-007   126.00000000000000     
   2.8813819237872923E-007   131.00000000000000     
   2.8932884606624465E-007   168.00000000000000     
   2.9051949975376008E-007   150.00000000000000     
   2.9171015344127551E-007   131.00000000000000     
   2.9290080712879093E-007   136.00000000000000     
   2.9409146081630636E-007   117.00000000000000     
   2.9528211450382179E-007   121.00000000000000     
   2.9647276819133721E-007   135.00000000000000     
   2.9766342187885264E-007   128.00000000000000     
   2.9885407556636807E-007   118.00000000000000     
   3.0004472925388350E-007   143.00000000000000     
   3.0123538294139892E-007   116.00000000000000     
   3.0242603662891435E-007   139.00000000000000     
   3.0361669031642978E-007   128.00000000000000     
   3.0480734400394520E-007   129.00000000000000     
   3.0599799769146063E-007   141.00000000000000     
   3.0718865137897606E-007   98.000000000000000     
   3.0837930506649148E-007   117.00000000000000     
   3.0956995875400691E-007   108.00000000000000     
   3.1076061244152234E-007   110.00000000000000     
   3.1195126612903776E-007   128.00000000000000     
   3.1314191981655319E-007   94.000000000000000     
   3.1433257350406862E-007   103.00000000000000     
   3.1552322719158404E-007   130.00000000000000     
   3.1671388087909947E-007   113.00000000000000     
   3.1790453456661490E-007   118.00000000000000     
   3.1909518825413033E-007   110.00000000000000     
   3.2028584194164575E-007   113.00000000000000     
   3.2147649562916118E-007   115.00000000000000     
   3.2266714931667661E-007   86.000000000000000     
   3.2385780300419203E-007   105.00000000000000     
   3.2504845669170746E-007   94.000000000000000     
   3.2623911037922289E-007   110.00000000000000     
   3.2742976406673831E-007   99.000000000000000     
   3.2862041775425374E-007   102.00000000000000     
   3.2981107144176917E-007   87.000000000000000     
   3.3100172512928459E-007   107.00000000000000     
   3.3219237881680002E-007   84.000000000000000     
   3.3338303250431545E-007   77.000000000000000     
   3.3457368619183087E-007   87.000000000000000     
   3.3576433987934630E-007   77.000000000000000     
   3.3695499356686173E-007   87.000000000000000     
   3.3814564725437716E-007   75.000000000000000     
   3.3933630094189258E-007   97.000000000000000     
   3.4052695462940801E-007   80.000000000000000     
   3.4171760831692344E-007   73.000000000000000     
   3.4290826200443886E-007   93.000000000000000     
   3.4409891569195429E-007   92.000000000000000     
   3.4528956937946972E-007   97.000000000000000     
   3.4648022306698514E-007   73.000000000000000     
   3.4767087675450057E-007   74.000000000000000     
   3.4886153044201600E-007   67.000000000000000     
   3.5005218412953142E-007   97.000000000000000     
   3.5124283781704685E-007   87.000000000000000     
   3.5243349150456228E-007   72.000000000000000     
   3.5362414519207770E-007   71.000000000000000     
   3.5481479887959313E-007   75.000000000000000     
   3.5600545256710856E-007   74.000000000000000     
   3.5719610625462399E-007   77.000000000000000     
   3.5838675994213941E-007   77.000000000000000     
   3.5957741362965484E-007   66.000000000000000     
   3.6076806731717027E-007   66.000000000000000     
   3.6195872100468569E-007   62.000000000000000     
   3.6314937469220112E-007   57.000000000000000     
   3.6434002837971655E-007   56.000000000000000     
   3.6553068206723197E-007   73.000000000000000     
   3.6672133575474740E-007   75.000000000000000     
   3.6791198944226283E-007   72.000000000000000     
   3.6910264312977825E-007   58.000000000000000     
   3.7029329681729368E-007   59.000000000000000     
   3.7148395050480911E-007   66.000000000000000     
   3.7267460419232453E-007   66.000000000000000     
   3.7386525787983996E-007   76.000000000000000     
   3.7505591156735539E-007   59.000000000000000     
   3.7624656525487082E-007   63.000000000000000     
   3.7743721894238624E-007   57.000000000000000     
   3.7862787262990167E-007   58.000000000000000     
   3.7981852631741710E-007   53.000000000000000     
   3.8100918000493252E-007   63.000000000000000     
   3.8219983369244795E-007   42.000000000000000     
   3.8339048737996338E-007   61.000000000000000     
   3.8458114106747880E-007   52.000000000000000     
   3.8577179475499423E-007   51.000000000000000     
   3.8696244844250966E-007   53.000000000000000     
   3.8815310213002508E-007   50.000000000000000     
   3.8934375581754051E-007   54.000000000000000     
   3.9053440950505594E-007   50.000000000000000     
   3.9172506319257136E-007   50.000000000000000     
   3.9291571688008679E-007   47.000000000000000     
   3.9410637056760222E-007   38.000000000000000     
   3.9529702425511765E-007   46.000000000000000     
   3.9648767794263307E-007   53.000000000000000     
   3.9767833163014850E-007   39.000000000000000     
   3.9886898531766393E-007   47.000000000000000     
   4.0005963900517935E-007   31.000000000000000     
   4.0125029269269478E-007   44.000000000000000     
   4.0244094638021021E-007   49.000000000000000     
   4.0363160006772563E-007   45.000000000000000     
   4.0482225375524106E-007   43.000000000000000     
   4.0601290744275649E-007   49.000000000000000     
   4.0720356113027191E-007   53.000000000000000     
   4.0839421481778734E-007   45.000000000000000     
   4.0958486850530277E-007   36.000000000000000     
   4.1077552219281819E-007   50.000000000000000     
   4.1196617588033362E-007   47.000000000000000     
   4.1315682956784905E-007   42.000000000000000     
   4.1434748325536448E-007   41.000000000000000     
   4.1553813694287990E-007   44.000000000000000     
   4.1672879063039533E-007   21.000000000000000     
   4.1791944431791076E-007   41.000000000000000     
   4.1911009800542618E-007   39.000000000000000     
   4.2030075169294161E-007   46.000000000000000     
   4.2149140538045704E-007   29.000000000000000     
   4.2268205906797246E-007   35.000000000000000     
   4.2387271275548789E-007   37.000000000000000     
   4.2506336644300332E-007   34.000000000000000     
   4.2625402013051874E-007   22.000000000000000     
   4.2744467381803417E-007   34.000000000000000     
   4.2863532750554960E-007   41.000000000000000     
   4.2982598119306502E-007   32.000000000000000     
   4.3101663488058045E-007   32.000000000000000     
   4.3220728856809588E-007   26.000000000000000     
   4.3339794225561131E-007   27.000000000000000     
   4.3458859594312673E-007   43.000000000000000     
   4.3577924963064216E-007   51.000000000000000     
   4.3696990331815759E-007   33.000000000000000     
   4.3816055700567301E-007   30.000000000000000     
   4.3935121069318844E-007   45.000000000000000     
   4.4054186438070387E-007   21.000000000000000     
   4.4173251806821929E-007   29.000000000000000     
   4.4292317175573472E-007   30.000000000000000     
   4.4411382544325015E-007   35.000000000000000     
   4.4530447913076557E-007   37.000000000000000     
   4.4649513281828100E-007   37.000000000000000     
   4.4768578650579643E-007   30.000000000000000     
   4.4887644019331185E-007   30.000000000000000     
   4.5006709388082728E-007   31.000000000000000     
   4.5125774756834271E-007   25.000000000000000     
   4.5244840125585814E-007   28.000000000000000     
   4.5363905494337356E-007   30.000000000000000     
   4.5482970863088899E-007   27.000000000000000     
   4.5602036231840442E-007   22.000000000000000     
   4.5721101600591984E-007   19.000000000000000     
   4.5840166969343527E-007   29.000000000000000     
   4.5959232338095070E-007   27.000000000000000     
   4.6078297706846612E-007   26.000000000000000     
   4.6197363075598155E-007   33.000000000000000     
   4.6316428444349698E-007   26.000000000000000     
   4.6435493813101240E-007   27.000000000000000     
   4.6554559181852783E-007   19.000000000000000     
   4.6673624550604326E-007   26.000000000000000     
   4.6792689919355868E-007   23.000000000000000     
   4.6911755288107411E-007   24.000000000000000     
   4.7030820656858954E-007   25.000000000000000     
   4.7149886025610497E-007   18.000000000000000     
   4.7268951394362039E-007   26.000000000000000     
   4.7388016763113582E-007   19.000000000000000     
   4.7507082131865125E-007   24.000000000000000     
   4.7626147500616667E-007   28.000000000000000     
   4.7745212869368205E-007   30.000000000000000     
   4.7864278238119747E-007   20.000000000000000     
   4.7983343606871290E-007   30.000000000000000     
   4.8102408975622833E-007   19.000000000000000     
   4.8221474344374375E-007   23.000000000000000     
   4.8340539713125918E-007   15.000000000000000     
   4.8459605081877461E-007   20.000000000000000     
   4.8578670450629003E-007   23.000000000000000     
   4.8697735819380546E-007   23.000000000000000     
   4.8816801188132089E-007   25.000000000000000     
   4.8935866556883632E-007   21.000000000000000     
   4.9054931925635174E-007   19.000000000000000     
   4.9173997294386717E-007   18.000000000000000     
   4.9293062663138260E-007   14.000000000000000     
   4.9412128031889802E-007   18.000000000000000     
   4.9531193400641345E-007   17.000000000000000     
   4.9650258769392888E-007   16.000000000000000     
   4.9769324138144430E-007   22.000000000000000     
   4.9888389506895973E-007   22.000000000000000     
   5.0007454875647516E-007   22.000000000000000     
   5.0126520244399058E-007   19.000000000000000     
   5.0245585613150601E-007   9.0000000000000000     
   5.0364650981902144E-007   12.000000000000000     
   5.0483716350653686E-007   19.000000000000000     
   5.0602781719405229E-007   16.000000000000000     
   5.0721847088156772E-007   14.000000000000000     
   5.0840912456908315E-007   22.000000000000000     
   5.0959977825659857E-007   16.000000000000000     
   5.1079043194411400E-007   16.000000000000000     
   5.1198108563162943E-007   12.000000000000000     
   5.1317173931914485E-007   13.000000000000000     
   5.1436239300666028E-007   16.000000000000000     
   5.1555304669417571E-007   10.000000000000000     
   5.1674370038169113E-007   15.000000000000000     
   5.1793435406920656E-007   12.000000000000000     
   5.1912500775672199E-007   17.000000000000000     
   5.2031566144423741E-007   17.000000000000000     
   5.2150631513175284E-007   13.000000000000000     
   5.2269696881926827E-007   16.000000000000000     
   5.2388762250678369E-007   14.000000000000000     
   5.2507827619429912E-007   19.000000000000000     
   5.2626892988181455E-007   16.000000000000000     
   5.2745958356932998E-007   10.000000000000000     
   5.2865023725684540E-007   18.000000000000000     
   5.2984089094436083E-007   12.000000000000000     
   5.3103154463187626E-007   14.000000000000000     
   5.3222219831939168E-007   16.000000000000000     
   5.3341285200690711E-007   11.000000000000000     
   5.3460350569442254E-007   11.000000000000000     
   5.3579415938193796E-007   11.000000000000000     
   5.3698481306945339E-007   12.000000000000000     
   5.3817546675696882E-007   10.000000000000000     
   5.3936612044448424E-007   10.000000000000000     
   5.4055677413199967E-007   16.000000000000000     
   5.4174742781951510E-007   16.000000000000000     
   5.4293808150703052E-007   19.000000000000000     
   5.4412873519454595E-007   10.000000000000000     
   5.4531938888206138E-007   19.000000000000000     
   5.4651004256957681E-007   13.000000000000000     
   5.4770069625709223E-007   10.000000000000000     
   5.4889134994460766E-007   7.0000000000000000     
   5.5008200363212309E-007   11.000000000000000     
   5.5127265731963851E-007   13.000000000000000     
   5.5246331100715394E-007   14.000000000000000     
   5.5365396469466937E-007   8.0000000000000000     
   5.5484461838218479E-007   16.000000000000000     
   5.5603527206970022E-007   11.000000000000000     
   5.5722592575721565E-007   10.000000000000000     
   5.5841657944473107E-007   12.000000000000000     
   5.5960723313224650E-007   8.0000000000000000     
   5.6079788681976193E-007   9.0000000000000000     
   5.6198854050727735E-007   9.0000000000000000     
   5.6317919419479278E-007   16.000000000000000     
   5.6436984788230821E-007   7.0000000000000000     
   5.6556050156982364E-007   11.000000000000000     
   5.6675115525733906E-007   7.0000000000000000     
   5.6794180894485449E-007   10.000000000000000     
   5.6913246263236992E-007   8.0000000000000000     
   5.7032311631988534E-007   17.000000000000000     
   5.7151377000740077E-007   5.0000000000000000     
   5.7270442369491620E-007   5.0000000000000000     
   5.7389507738243162E-007   13.000000000000000     
   5.7508573106994705E-007   9.0000000000000000     
   5.7627638475746248E-007   11.000000000000000     
   5.7746703844497790E-007   9.0000000000000000     
   5.7865769213249333E-007   13.000000000000000     
   5.7984834582000876E-007   9.0000000000000000     
   5.8103899950752418E-007   9.0000000000000000     
   5.8222965319503961E-007   7.0000000000000000     
   5.8342030688255504E-007   6.0000000000000000     
   5.8461096057007046E-007   7.0000000000000000     
   5.8580161425758589E-007   3.0000000000000000     
   5.8699226794510132E-007   4.0000000000000000     
   5.8818292163261675E-007   6.0000000000000000     
   5.8937357532013217E-007   9.0000000000000000     
   5.9056422900764760E-007   3.0000000000000000     
   5.9175488269516303E-007   16.000000000000000     
   5.9294553638267845E-007   10.000000000000000     
   5.9413619007019388E-007   8.0000000000000000     
   5.9532684375770931E-007   5.0000000000000000     
   5.9651749744522473E-007   4.0000000000000000     
   5.9770815113274016E-007   5.0000000000000000     
   5.9889880482025559E-007   12.000000000000000     
   6.0008945850777101E-007   11.000000000000000     
   6.0128011219528644E-007   6.0000000000000000     
   6.0247076588280187E-007   9.0000000000000000     
   6.0366141957031729E-007   5.0000000000000000     
   6.0485207325783272E-007   7.0000000000000000     
   6.0604272694534815E-007   6.0000000000000000     
   6.0723338063286358E-007   9.0000000000000000     
   6.0842403432037900E-007   8.0000000000000000     
   6.0961468800789443E-007   6.0000000000000000     
   6.1080534169540986E-007   2.0000000000000000     
   6.1199599538292528E-007   6.0000000000000000     
   6.1318664907044071E-007   10.000000000000000     
   6.1437730275795614E-007   5.0000000000000000     
   6.1556795644547156E-007   7.0000000000000000     
   6.1675861013298699E-007   7.0000000000000000     
   6.1794926382050242E-007   4.0000000000000000     
   6.1913991750801784E-007   6.0000000000000000     
   6.2033057119553327E-007   6.0000000000000000     
   6.2152122488304870E-007   5.0000000000000000     
   6.2271187857056412E-007   4.0000000000000000     
   6.2390253225807955E-007   7.0000000000000000     
   6.2509318594559498E-007   4.0000000000000000     
   6.2628383963311041E-007   8.0000000000000000     
   6.2747449332062583E-007   10.000000000000000     
   6.2866514700814126E-007   5.0000000000000000     
   6.2985580069565669E-007   8.0000000000000000     
   6.3104645438317211E-007   4.0000000000000000     
   6.3223710807068754E-007   6.0000000000000000     
   6.3342776175820297E-007   6.0000000000000000     
   6.3461841544571839E-007   4.0000000000000000     
   6.3580906913323382E-007   5.0000000000000000     
   6.3699972282074925E-007   7.0000000000000000     
   6.3819037650826467E-007   3.0000000000000000     
   6.3938103019578010E-007   3.0000000000000000     
   6.4057168388329553E-007   9.0000000000000000     
   6.4176233757081095E-007   6.0000000000000000     
   6.4295299125832638E-007   3.0000000000000000     
   6.4414364494584181E-007   3.0000000000000000     
   6.4533429863335724E-007   1.0000000000000000     
   6.4652495232087266E-007   2.0000000000000000     
   6.4771560600838809E-007   6.0000000000000000     
   6.4890625969590352E-007   3.0000000000000000     
   6.5009691338341894E-007   3.0000000000000000     
   6.5128756707093437E-007   5.0000000000000000     
   6.5247822075844980E-007   4.0000000000000000     
   6.5366887444596522E-007   5.0000000000000000     
   6.5485952813348065E-007   4.0000000000000000     
   6.5605018182099608E-007   7.0000000000000000     
   6.5724083550851150E-007   4.0000000000000000     
   6.5843148919602693E-007   3.0000000000000000     
   6.5962214288354236E-007   1.0000000000000000     
   6.6081279657105778E-007   2.0000000000000000     
   6.6200345025857321E-007   5.0000000000000000     
   6.6319410394608864E-007   3.0000000000000000     
   6.6438475763360407E-007   5.0000000000000000     
   6.6557541132111949E-007   3.0000000000000000     
   6.6676606500863492E-007   4.0000000000000000     
   6.6795671869615035E-007   3.0000000000000000     
   6.6914737238366577E-007   4.0000000000000000     
   6.7033802607118120E-007   1.0000000000000000     
   6.7152867975869663E-007   5.0000000000000000     
   6.7271933344621205E-007   4.0000000000000000     
   6.7390998713372748E-007   1.0000000000000000     
   6.7510064082124291E-007   3.0000000000000000     
   6.7629129450875833E-007   1.0000000000000000     
   6.7748194819627376E-007   3.0000000000000000     
   6.7867260188378919E-007   0.0000000000000000     
   6.7986325557130461E-007   1.0000000000000000     
   6.8105390925882004E-007   5.0000000000000000     
   6.8224456294633547E-007   3.0000000000000000     
   6.8343521663385090E-007   1.0000000000000000     
   6.8462587032136632E-007   4.0000000000000000     
   6.8581652400888175E-007   2.0000000000000000     
   6.8700717769639718E-007   0.0000000000000000     
   6.8819783138391260E-007   7.0000000000000000     
   6.8938848507142803E-007   0.0000000000000000     
   6.9057913875894346E-007   1.0000000000000000     
   6.9176979244645888E-007   0.0000000000000000     
   6.9296044613397431E-007   1.0000000000000000     
   6.9415109982148974E-007   3.0000000000000000     
   6.9534175350900516E-007   2.0000000000000000     
   6.9653240719652059E-007   4.0000000000000000     
   6.9772306088403602E-007   4.0000000000000000     
   6.9891371457155144E-007   2.0000000000000000     
   7.0010436825906687E-007   4.0000000000000000     
   7.0129502194658230E-007   2.0000000000000000     
   7.0248567563409773E-007   3.0000000000000000     
   7.0367632932161315E-007   3.0000000000000000     
   7.0486698300912858E-007   1.0000000000000000     
   7.0605763669664401E-007   3.0000000000000000     
   7.0724829038415943E-007   3.0000000000000000     
   7.0843894407167486E-007   1.0000000000000000     
   7.0962959775919029E-007   5.0000000000000000     
   7.1082025144670571E-007   1.0000000000000000     
   7.1201090513422114E-007   0.0000000000000000     
   7.1320155882173657E-007   3.0000000000000000     
   7.1439221250925199E-007   2.0000000000000000     
   7.1558286619676742E-007   2.0000000000000000     
   7.1677351988428285E-007   3.0000000000000000     
   7.1796417357179827E-007   5.0000000000000000     
   7.1915482725931370E-007   2.0000000000000000     
   7.2034548094682913E-007   1.0000000000000000     
   7.2153613463434456E-007   1.0000000000000000     
   7.2272678832185998E-007   0.0000000000000000     
   7.2391744200937541E-007   0.0000000000000000     
   7.2510809569689084E-007   1.0000000000000000     
   7.2629874938440626E-007   4.0000000000000000     
   7.2748940307192169E-007   0.0000000000000000     
   7.2868005675943712E-007   3.0000000000000000     
   7.2987071044695254E-007   3.0000000000000000     
   7.3106136413446797E-007   1.0000000000000000     
   7.3225201782198340E-007   0.0000000000000000     
   7.3344267150949882E-007   2.0000000000000000     
   7.3463332519701425E-007   4.0000000000000000     
   7.3582397888452968E-007   0.0000000000000000     
   7.3701463257204510E-007   3.0000000000000000     
   7.3820528625956053E-007   2.0000000000000000     
   7.3939593994707596E-007   2.0000000000000000     
   7.4058659363459139E-007   1.0000000000000000     
   7.4177724732210681E-007   2.0000000000000000     
   7.4296790100962224E-007   1.0000000000000000     
   7.4415855469713767E-007   0.0000000000000000     
   7.4534920838465309E-007   1.0000000000000000     
   7.4653986207216852E-007   1.0000000000000000     
   7.4773051575968395E-007   2.0000000000000000     
   7.4892116944719937E-007   0.0000000000000000     
   7.5011182313471480E-007   2.0000000000000000     
   7.5130247682223023E-007   2.0000000000000000     
   7.5249313050974565E-007   0.0000000000000000     
   7.5368378419726108E-007   1.0000000000000000     
   7.5487443788477651E-007   1.0000000000000000     
   7.5606509157229193E-007   1.0000000000000000     
   7.5725574525980736E-007   3.0000000000000000     
   7.5844639894732279E-007   1.0000000000000000     
   7.5963705263483822E-007   2.0000000000000000     
   7.6082770632235364E-007   3.0000000000000000     
   7.6201836000986907E-007   1.0000000000000000     
   7.6320901369738450E-007   2.0000000000000000     
   7.6439966738489992E-007   0.0000000000000000     
   7.6559032107241535E-007   0.0000000000000000     
   7.6678097475993078E-007   4.0000000000000000     
   7.6797162844744620E-007   0.0000000000000000     
   7.6916228213496163E-007   0.0000000000000000     
   7.7035293582247706E-007   3.0000000000000000     
   7.7154358950999248E-007   1.0000000000000000     
   7.7273424319750791E-007   2.0000000000000000     
   7.7392489688502334E-007   1.0000000000000000     
   7.7511555057253876E-007   1.0000000000000000     
   7.7630620426005419E-007   0.0000000000000000     
   7.7749685794756962E-007   0.0000000000000000     
   7.7868751163508505E-007   1.0000000000000000     
   7.7987816532260047E-007   3.0000000000000000     
   7.8106881901011590E-007   3.0000000000000000     
   7.8225947269763133E-007   3.0000000000000000     
   7.8345012638514675E-007   2.0000000000000000     
   7.8464078007266218E-007   1.0000000000000000     
   7.8583143376017761E-007   0.0000000000000000     
   7.8702208744769303E-007   2.0000000000000000     
   7.8821274113520846E-007   0.0000000000000000     
   7.8940339482272389E-007   0.0000000000000000     
   7.9059404851023931E-007   2.0000000000000000     
   7.9178470219775474E-007   2.0000000000000000     
   7.9297535588527017E-007   0.0000000000000000     
   7.9416600957278559E-007   0.0000000000000000     
   7.9535666326030102E-007   0.0000000000000000     
   7.9654731694781645E-007   4.0000000000000000     
   7.9773797063533188E-007   1.0000000000000000     
   7.9892862432284730E-007   1.0000000000000000     
   8.0011927801036273E-007   2.0000000000000000     
   8.0130993169787816E-007   1.0000000000000000     
   8.0250058538539358E-007   0.0000000000000000     
   8.0369123907290901E-007   0.0000000000000000     
   8.0488189276042444E-007   1.0000000000000000     
   8.0607254644793986E-007   1.0000000000000000     
   8.0726320013545529E-007   2.0000000000000000     
   8.0845385382297072E-007   0.0000000000000000     
   8.0964450751048614E-007   1.0000000000000000     
   8.1083516119800157E-007   2.0000000000000000     
   8.1202581488551700E-007   1.0000000000000000     
   8.1321646857303242E-007   0.0000000000000000     
   8.1440712226054785E-007   1.0000000000000000     
   8.1559777594806328E-007   1.0000000000000000     
   8.1678842963557871E-007   0.0000000000000000     
   8.1797908332309413E-007   0.0000000000000000     
   8.1916973701060956E-007   0.0000000000000000     
   8.2036039069812499E-007   1.0000000000000000     
   8.2155104438564041E-007   0.0000000000000000     
   8.2274169807315584E-007   0.0000000000000000     
   8.2393235176067127E-007   0.0000000000000000     
   8.2512300544818669E-007   2.0000000000000000     
   8.2631365913570212E-007   2.0000000000000000     
   8.2750431282321755E-007   3.0000000000000000     
   8.2869496651073297E-007   0.0000000000000000     
   8.2988562019824840E-007   1.0000000000000000     
   8.3107627388576383E-007   1.0000000000000000     
   8.3226692757327925E-007   0.0000000000000000     
   8.3345758126079468E-007   1.0000000000000000     
   8.3464823494831011E-007   1.0000000000000000     
   8.3583888863582554E-007   1.0000000000000000     
   8.3702954232334096E-007   0.0000000000000000     
   8.3822019601085639E-007   1.0000000000000000     
   8.3941084969837182E-007   0.0000000000000000     
   8.4060150338588724E-007   1.0000000000000000     
   8.4179215707340267E-007   1.0000000000000000     
   8.4298281076091810E-007   1.0000000000000000     
   8.4417346444843352E-007   1.0000000000000000     
   8.4536411813594895E-007   0.0000000000000000     
   8.4655477182346438E-007   0.0000000000000000     
   8.4774542551097980E-007   0.0000000000000000     
   8.4893607919849523E-007   0.0000000000000000     
   8.5012673288601066E-007   0.0000000000000000     
   8.5131738657352608E-007   2.0000000000000000     
   8.5250804026104151E-007   1.0000000000000000     
   8.5369869394855694E-007   0.0000000000000000     
   8.5488934763607236E-007   2.0000000000000000     
   8.5608000132358779E-007   1.0000000000000000     
   8.5727065501110322E-007   0.0000000000000000     
   8.5846130869861865E-007   0.0000000000000000     
   8.5965196238613407E-007   0.0000000000000000     
   8.6084261607364950E-007   3.0000000000000000     
   8.6203326976116493E-007   0.0000000000000000     
   8.6322392344868035E-007   1.0000000000000000     
   8.6441457713619578E-007   0.0000000000000000     
   8.6560523082371121E-007   0.0000000000000000     
   8.6679588451122663E-007   2.0000000000000000     
   8.6798653819874206E-007   0.0000000000000000     
   8.6917719188625749E-007   0.0000000000000000     
   8.7036784557377291E-007   0.0000000000000000     
   8.7155849926128834E-007   1.0000000000000000     
   8.7274915294880377E-007   0.0000000000000000     
   8.7393980663631919E-007   0.0000000000000000     
   8.7513046032383462E-007   0.0000000000000000     
   8.7632111401135005E-007   0.0000000000000000     
   8.7751176769886548E-007   1.0000000000000000     
   8.7870242138638090E-007   0.0000000000000000     
   8.7989307507389633E-007   1.0000000000000000     
   8.8108372876141176E-007   1.0000000000000000     
   8.8227438244892718E-007   1.0000000000000000     
   8.8346503613644261E-007   0.0000000000000000     
   8.8465568982395804E-007   0.0000000000000000     
   8.8584634351147346E-007   1.0000000000000000     
   8.8703699719898889E-007   0.0000000000000000     
   8.8822765088650432E-007   0.0000000000000000     
   8.8941830457401974E-007   0.0000000000000000     
   8.9060895826153517E-007   0.0000000000000000     
   8.9179961194905060E-007   0.0000000000000000     
   8.9299026563656602E-007   0.0000000000000000     
   8.9418091932408145E-007   0.0000000000000000     
   8.9537157301159688E-007   0.0000000000000000     
   8.9656222669911231E-007   0.0000000000000000     
   8.9775288038662773E-007   0.0000000000000000     
   8.9894353407414316E-007   0.0000000000000000     
   9.0013418776165859E-007   1.0000000000000000     
   9.0132484144917401E-007   0.0000000000000000     
   9.0251549513668944E-007   1.0000000000000000     
   9.0370614882420487E-007   1.0000000000000000     
   9.0489680251172029E-007   0.0000000000000000     
   9.0608745619923572E-007   0.0000000000000000     
   9.0727810988675115E-007   1.0000000000000000     
   9.0846876357426657E-007   0.0000000000000000     
   9.0965941726178200E-007   0.0000000000000000     
   9.1085007094929743E-007   0.0000000000000000     
   9.1204072463681285E-007   0.0000000000000000     
   9.1323137832432828E-007   0.0000000000000000     
   9.1442203201184371E-007   0.0000000000000000     
   9.1561268569935914E-007   0.0000000000000000     
   9.1680333938687456E-007   1.0000000000000000     
   9.1799399307438999E-007   0.0000000000000000     
   9.1918464676190542E-007   0.0000000000000000     
   9.2037530044942084E-007   0.0000000000000000     
   9.2156595413693627E-007   0.0000000000000000     
   9.2275660782445170E-007   0.0000000000000000     
   9.2394726151196712E-007   0.0000000000000000     
   9.2513791519948255E-007   1.0000000000000000     
   9.2632856888699798E-007   0.0000000000000000     
   9.2751922257451340E-007   0.0000000000000000     
   9.2870987626202883E-007   0.0000000000000000     
   9.2990052994954426E-007   0.0000000000000000     
   9.3109118363705968E-007   0.0000000000000000     
   9.3228183732457511E-007   1.0000000000000000     
   9.3347249101209054E-007   0.0000000000000000     
   9.3466314469960597E-007   0.0000000000000000     
   9.3585379838712139E-007   0.0000000000000000     
   9.3704445207463682E-007   0.0000000000000000     
   9.3823510576215225E-007   0.0000000000000000     
   9.3942575944966767E-007   0.0000000000000000     
   9.4061641313718310E-007   1.0000000000000000     
   9.4180706682469853E-007   0.0000000000000000     
   9.4299772051221395E-007   0.0000000000000000     
   9.4418837419972938E-007   0.0000000000000000     
   9.4537902788724481E-007   0.0000000000000000     
   9.4656968157476023E-007   0.0000000000000000     
   9.4776033526227566E-007   0.0000000000000000     
   9.4895098894979109E-007   0.0000000000000000     
   9.5014164263730651E-007   0.0000000000000000     
   9.5133229632482194E-007   0.0000000000000000     
   9.5252295001233737E-007   0.0000000000000000     
   9.5371360369985269E-007   0.0000000000000000     
   9.5490425738736812E-007   0.0000000000000000     
   9.5609491107488354E-007   0.0000000000000000     
   9.5728556476239897E-007   1.0000000000000000     
   9.5847621844991440E-007   0.0000000000000000     
   9.5966687213742982E-007   0.0000000000000000     
   9.6085752582494525E-007   0.0000000000000000     
   9.6204817951246068E-007   0.0000000000000000     
   9.6323883319997610E-007   0.0000000000000000     
   9.6442948688749153E-007   0.0000000000000000     
   9.6562014057500696E-007   0.0000000000000000     
   9.6681079426252239E-007   0.0000000000000000     
   9.6800144795003781E-007   0.0000000000000000     
   9.6919210163755324E-007   0.0000000000000000     
   9.7038275532506867E-007   0.0000000000000000     
   9.7157340901258409E-007   1.0000000000000000     
   9.7276406270009952E-007   2.0000000000000000     
   9.7395471638761495E-007   0.0000000000000000     
   9.7514537007513037E-007   0.0000000000000000     
   9.7633602376264580E-007   0.0000000000000000     
   9.7752667745016123E-007   0.0000000000000000     
   9.7871733113767665E-007   0.0000000000000000     
   9.7990798482519208E-007   0.0000000000000000     
   9.8109863851270751E-007   0.0000000000000000     
   9.8228929220022293E-007   0.0000000000000000     
   9.8347994588773836E-007   0.0000000000000000     
   9.8467059957525379E-007   0.0000000000000000     
   9.8586125326276922E-007   1.0000000000000000     
   9.8705190695028464E-007   0.0000000000000000     
   9.8824256063780007E-007   0.0000000000000000     
   9.8943321432531550E-007   0.0000000000000000     
   9.9062386801283092E-007   0.0000000000000000     
   9.9181452170034635E-007   0.0000000000000000     
   9.9300517538786178E-007   0.0000000000000000     
   9.9419582907537720E-007   0.0000000000000000     
   9.9538648276289263E-007   0.0000000000000000     
   9.9657713645040806E-007   0.0000000000000000     
   9.9776779013792348E-007   0.0000000000000000     
   9.9895844382543891E-007   0.0000000000000000     
   1.0001490975129543E-006   0.0000000000000000     
   1.0013397512004698E-006   0.0000000000000000     
   1.0025304048879852E-006   0.0000000000000000     
   1.0037210585755006E-006   0.0000000000000000     
   1.0049117122630160E-006   0.0000000000000000     
   1.0061023659505315E-006   0.0000000000000000     
   1.0072930196380469E-006   0.0000000000000000     
   1.0084836733255623E-006   0.0000000000000000     
   1.0096743270130778E-006   0.0000000000000000     
   1.0108649807005932E-006   0.0000000000000000     
   1.0120556343881086E-006   0.0000000000000000     
   1.0132462880756240E-006   0.0000000000000000     
   1.0144369417631395E-006   0.0000000000000000     
   1.0156275954506549E-006   0.0000000000000000     
   1.0168182491381703E-006   0.0000000000000000     
   1.0180089028256857E-006   0.0000000000000000     
   1.0191995565132012E-006   0.0000000000000000     
   1.0203902102007166E-006   0.0000000000000000     
   1.0215808638882320E-006   0.0000000000000000     
   1.0227715175757474E-006   0.0000000000000000     
   1.0239621712632629E-006   0.0000000000000000     
   1.0251528249507783E-006   0.0000000000000000     
   1.0263434786382937E-006   0.0000000000000000     
   1.0275341323258092E-006   1.0000000000000000     
   1.0287247860133246E-006   0.0000000000000000     
   1.0299154397008400E-006   0.0000000000000000     
   1.0311060933883554E-006   0.0000000000000000     
   1.0322967470758709E-006   0.0000000000000000     
   1.0334874007633863E-006   0.0000000000000000     
   1.0346780544509017E-006   0.0000000000000000     
   1.0358687081384171E-006   0.0000000000000000     
   1.0370593618259326E-006   0.0000000000000000     
   1.0382500155134480E-006   0.0000000000000000     
   1.0394406692009634E-006   0.0000000000000000     
   1.0406313228884789E-006   0.0000000000000000     
   1.0418219765759943E-006   0.0000000000000000     
   1.0430126302635097E-006   0.0000000000000000     
   1.0442032839510251E-006   0.0000000000000000     
   1.0453939376385406E-006   0.0000000000000000     
   1.0465845913260560E-006   0.0000000000000000     
   1.0477752450135714E-006   0.0000000000000000     
   1.0489658987010868E-006   0.0000000000000000     
   1.0501565523886023E-006   0.0000000000000000     
   1.0513472060761177E-006   0.0000000000000000     
   1.0525378597636331E-006   0.0000000000000000     
   1.0537285134511485E-006   0.0000000000000000     
   1.0549191671386640E-006   0.0000000000000000     
   1.0561098208261794E-006   0.0000000000000000     
   1.0573004745136948E-006   0.0000000000000000     
   1.0584911282012103E-006   0.0000000000000000     
   1.0596817818887257E-006   0.0000000000000000     
   1.0608724355762411E-006   0.0000000000000000     
   1.0620630892637565E-006   0.0000000000000000     
   1.0632537429512720E-006   0.0000000000000000     
   1.0644443966387874E-006   0.0000000000000000     
   1.0656350503263028E-006   0.0000000000000000     
   1.0668257040138182E-006   0.0000000000000000     
   1.0680163577013337E-006   0.0000000000000000     
   1.0692070113888491E-006   0.0000000000000000     
   1.0703976650763645E-006   0.0000000000000000     
   1.0715883187638799E-006   0.0000000000000000     
   1.0727789724513954E-006   0.0000000000000000     
   1.0739696261389108E-006   0.0000000000000000     
   1.0751602798264262E-006   0.0000000000000000     
   1.0763509335139417E-006   0.0000000000000000     
   1.0775415872014571E-006   1.0000000000000000     
   1.0787322408889725E-006   0.0000000000000000     
   1.0799228945764879E-006   0.0000000000000000     
   1.0811135482640034E-006   0.0000000000000000     
   1.0823042019515188E-006   0.0000000000000000     
   1.0834948556390342E-006   0.0000000000000000     
   1.0846855093265496E-006   0.0000000000000000     
   1.0858761630140651E-006   0.0000000000000000     
   1.0870668167015805E-006   0.0000000000000000     
   1.0882574703890959E-006   0.0000000000000000     
   1.0894481240766114E-006   0.0000000000000000     
   1.0906387777641268E-006   0.0000000000000000     
   1.0918294314516422E-006   0.0000000000000000     
   1.0930200851391576E-006   0.0000000000000000     
   1.0942107388266731E-006   0.0000000000000000     
   1.0954013925141885E-006   1.0000000000000000     
   1.0965920462017039E-006   0.0000000000000000     
   1.0977826998892193E-006   0.0000000000000000     
   1.0989733535767348E-006   0.0000000000000000     
   1.1001640072642502E-006   0.0000000000000000     
   1.1013546609517656E-006   0.0000000000000000     
   1.1025453146392810E-006   0.0000000000000000     
   1.1037359683267965E-006   0.0000000000000000     
   1.1049266220143119E-006   0.0000000000000000     
   1.1061172757018273E-006   1.0000000000000000     
   1.1073079293893428E-006   0.0000000000000000     
   1.1084985830768582E-006   0.0000000000000000     
   1.1096892367643736E-006   0.0000000000000000     
   1.1108798904518890E-006   0.0000000000000000     
   1.1120705441394045E-006   0.0000000000000000     
   1.1132611978269199E-006   0.0000000000000000     
   1.1144518515144353E-006   0.0000000000000000     
   1.1156425052019507E-006   0.0000000000000000     
   1.1168331588894662E-006   0.0000000000000000     
   1.1180238125769816E-006   0.0000000000000000     
   1.1192144662644970E-006   0.0000000000000000     
   1.1204051199520125E-006   0.0000000000000000     
   1.1215957736395279E-006   0.0000000000000000     
   1.1227864273270433E-006   0.0000000000000000     
   1.1239770810145587E-006   1.0000000000000000     
   1.1251677347020742E-006   1.0000000000000000     
   1.1263583883895896E-006   0.0000000000000000     
   1.1275490420771050E-006   0.0000000000000000     
   1.1287396957646204E-006   0.0000000000000000     
   1.1299303494521359E-006   0.0000000000000000     
   1.1311210031396513E-006   0.0000000000000000     
   1.1323116568271667E-006   0.0000000000000000     
   1.1335023105146821E-006   0.0000000000000000     
   1.1346929642021976E-006   0.0000000000000000     
   1.1358836178897130E-006   0.0000000000000000     
   1.1370742715772284E-006   0.0000000000000000     
   1.1382649252647439E-006   0.0000000000000000     
   1.1394555789522593E-006   0.0000000000000000     
   1.1406462326397747E-006   0.0000000000000000     
   1.1418368863272901E-006   0.0000000000000000     
   1.1430275400148056E-006   0.0000000000000000     
   1.1442181937023210E-006   1.0000000000000000     
   1.1454088473898364E-006   0.0000000000000000     
   1.1465995010773518E-006   0.0000000000000000     
   1.1477901547648673E-006   0.0000000000000000     
   1.1489808084523827E-006   0.0000000000000000     
   1.1501714621398981E-006   0.0000000000000000     
   1.1513621158274136E-006   0.0000000000000000     
   1.1525527695149290E-006   0.0000000000000000     
   1.1537434232024444E-006   0.0000000000000000     
   1.1549340768899598E-006   0.0000000000000000     
   1.1561247305774753E-006   0.0000000000000000     
   1.1573153842649907E-006   0.0000000000000000     
   1.1585060379525061E-006   0.0000000000000000     
   1.1596966916400215E-006   0.0000000000000000     
   1.1608873453275370E-006   0.0000000000000000     
   1.1620779990150524E-006   0.0000000000000000     
   1.1632686527025678E-006   0.0000000000000000     
   1.1644593063900832E-006   0.0000000000000000     
   1.1656499600775987E-006   0.0000000000000000     
   1.1668406137651141E-006   0.0000000000000000     
   1.1680312674526295E-006   0.0000000000000000     
   1.1692219211401450E-006   0.0000000000000000     
   1.1704125748276604E-006   0.0000000000000000     
   1.1716032285151758E-006   0.0000000000000000     
   1.1727938822026912E-006   0.0000000000000000     
   1.1739845358902067E-006   0.0000000000000000     
   1.1751751895777221E-006   0.0000000000000000     
   1.1763658432652375E-006   0.0000000000000000     
   1.1775564969527529E-006   0.0000000000000000     
   1.1787471506402684E-006   0.0000000000000000     
   1.1799378043277838E-006   0.0000000000000000     
   1.1811284580152992E-006   0.0000000000000000     
   1.1823191117028146E-006   0.0000000000000000     
   1.1835097653903301E-006   0.0000000000000000     
   1.1847004190778455E-006   0.0000000000000000     
   1.1858910727653609E-006   0.0000000000000000     
   1.1870817264528764E-006   0.0000000000000000     
   1.1882723801403918E-006   0.0000000000000000     
   1.1894630338279072E-006   0.0000000000000000     
   1.1906536875154226E-006   1.0000000000000000     
